499
1;0;4;4;0,11,0,11;4;0,0,6,6;2;2(2):(11,0)(11,6);3(2):(0,6)(11,6);
2;0;4;4;12,24,12,24;4;0,0,6,6;4;1(2):(12,0)(12,6);4(2):(12,6)(17,6);5(2):(18,6)(24,6);17(2):(24,0)(24,6);
3;0;4;4;0,11,0,11;4;7,7,14,14;4;1(2):(0,7)(11,7);4(2):(11,7)(11,10);6(2):(11,11)(11,14);36(2):(0,14)(11,14);
4;0;4;4;12,17,12,17;4;7,7,10,10;4;2(2):(12,7)(17,7);3(2):(12,7)(12,10);5(2):(17,7)(17,10);6(2):(12,10)(17,10);
5;0;4;4;18,24,18,24;4;7,7,10,10;8;2(2):(18,7)(24,7);4(2):(18,7)(18,10);7(2):(18,10)(20,10);8(2):(21,10)(22,10);9(2):(23,10)(24,10);19(2):(24,7)(24,8);21(2):(24,9)(24,9);23(2):(24,10)(24,10);
6;0;4;4;12,17,12,17;4;11,11,14,14;7;3(2):(12,11)(12,14);4(2):(12,11)(17,11);7(2):(17,11)(17,12);12(2):(17,13)(17,13);14(2):(17,14)(17,14);37(2):(12,14)(14,14);38(2):(15,14)(17,14);
7;0;4;4;18,20,18,20;4;11,11,12,12;6;5(2):(18,11)(20,11);6(2):(18,11)(18,12);8(2):(20,11)(20,11);10(2):(20,12)(20,12);12(2):(18,12)(18,12);13(2):(19,12)(20,12);
8;0;4;4;21,22,21,22;4;11,11,11,11;4;5(2):(21,11)(22,11);7(2):(21,11)(21,11);9(2):(22,11)(22,11);10(2):(21,11)(22,11);
9;1;4;4;23,24,23,24;4;11,11,11,11;4;5(2):(23,11)(24,11);8(2):(23,11)(23,11);11(2):(23,11)(24,11);27(2):(24,11)(24,11);
10;1;4;4;21,22,21,22;4;12,12,12,12;4;7(2):(21,12)(21,12);8(2):(21,12)(22,12);11(2):(22,12)(22,12);16(2):(21,12)(22,12);
11;1;4;4;23,24,23,24;4;12,12,12,12;4;9(2):(23,12)(24,12);10(2):(23,12)(23,12);16(2):(23,12)(24,12);27(2):(24,12)(24,12);
12;0;4;4;18,18,18,18;4;13,13,13,13;4;6(2):(18,13)(18,13);7(2):(18,13)(18,13);13(2):(18,13)(18,13);14(2):(18,13)(18,13);
13;0;4;4;19,20,19,20;4;13,13,13,13;4;7(2):(19,13)(20,13);12(2):(19,13)(19,13);15(2):(19,13)(20,13);16(2):(20,13)(20,13);
14;0;4;4;18,18,18,18;4;14,14,14,14;4;6(2):(18,14)(18,14);12(2):(18,14)(18,14);15(2):(18,14)(18,14);44(2):(18,14)(18,14);
15;1;4;4;19,20,19,20;4;14,14,14,14;4;13(2):(19,14)(20,14);14(2):(19,14)(19,14);16(2):(20,14)(20,14);44(2):(19,14)(20,14);
16;1;4;4;21,24,21,24;4;13,13,14,14;6;10(2):(21,13)(22,13);11(2):(23,13)(24,13);13(2):(21,13)(21,13);15(2):(21,14)(21,14);29(2):(24,13)(24,14);44(2):(21,14)(24,14);
17;0;4;4;25,36,25,36;4;0,0,6,6;5;2(2):(25,0)(25,6);18(2):(36,0)(36,6);19(2):(25,6)(27,6);20(2):(28,6)(30,6);26(2):(31,6)(36,6);
18;0;4;4;37,49,37,49;4;0,0,6,6;3;17(2):(37,0)(37,6);35(2):(37,6)(49,6);110(2):(49,0)(49,6);
19;0;4;4;25,27,25,27;4;7,7,8,8;5;5(2):(25,7)(25,8);17(2):(25,7)(27,7);20(2):(27,7)(27,8);21(2):(25,8)(25,8);22(2):(26,8)(27,8);
20;0;4;4;28,30,28,30;4;7,7,8,8;4;17(2):(28,7)(30,7);19(2):(28,7)(28,8);25(2):(28,8)(30,8);26(2):(30,7)(30,8);
21;0;4;4;25,25,25,25;4;9,9,9,9;4;5(2):(25,9)(25,9);19(2):(25,9)(25,9);22(2):(25,9)(25,9);23(2):(25,9)(25,9);
22;0;4;4;26,27,26,27;4;9,9,9,9;4;19(2):(26,9)(27,9);21(2):(26,9)(26,9);24(2):(26,9)(27,9);25(2):(27,9)(27,9);
23;1;4;4;25,25,25,25;4;10,10,10,10;4;5(2):(25,10)(25,10);21(2):(25,10)(25,10);24(2):(25,10)(25,10);27(2):(25,10)(25,10);
24;1;4;4;26,27,26,27;4;10,10,10,10;4;22(2):(26,10)(27,10);23(2):(26,10)(26,10);25(2):(27,10)(27,10);27(2):(26,10)(27,10);
25;0;4;4;28,30,28,30;4;9,9,10,10;5;20(2):(28,9)(30,9);22(2):(28,9)(28,9);24(2):(28,10)(28,10);26(2):(30,9)(30,10);28(2):(28,10)(30,10);
26;0;4;4;31,36,31,36;4;7,7,10,10;5;17(2):(31,7)(36,7);20(2):(31,7)(31,8);25(2):(31,9)(31,10);34(2):(31,10)(36,10);35(2):(36,7)(36,10);
27;1;4;4;25,27,25,27;4;11,11,12,12;6;9(2):(25,11)(25,11);11(2):(25,12)(25,12);23(2):(25,11)(25,11);24(2):(26,11)(27,11);28(2):(27,11)(27,12);29(2):(25,12)(27,12);
28;0;4;4;28,30,28,30;4;11,11,12,12;5;25(2):(28,11)(30,11);27(2):(28,11)(28,12);30(2):(28,12)(28,12);31(2):(29,12)(30,12);34(2):(30,11)(30,12);
29;1;4;4;25,27,25,27;4;13,13,14,14;5;16(2):(25,13)(25,14);27(2):(25,13)(27,13);30(2):(27,13)(27,13);32(2):(27,14)(27,14);70(2):(25,14)(27,14);
30;1;4;4;28,28,28,28;4;13,13,13,13;4;28(2):(28,13)(28,13);29(2):(28,13)(28,13);31(2):(28,13)(28,13);32(2):(28,13)(28,13);
31;0;4;4;29,30,29,30;4;13,13,13,13;4;28(2):(29,13)(30,13);30(2):(29,13)(29,13);33(2):(29,13)(30,13);34(2):(30,13)(30,13);
32;1;4;4;28,28,28,28;4;14,14,14,14;4;29(2):(28,14)(28,14);30(2):(28,14)(28,14);33(2):(28,14)(28,14);71(2):(28,14)(28,14);
33;0;4;4;29,30,29,30;4;14,14,14,14;4;31(2):(29,14)(30,14);32(2):(29,14)(29,14);34(2):(30,14)(30,14);71(2):(29,14)(30,14);
34;0;4;4;31,36,31,36;4;11,11,14,14;6;26(2):(31,11)(36,11);28(2):(31,11)(31,12);31(2):(31,13)(31,13);33(2):(31,14)(31,14);35(2):(36,11)(36,14);74(2):(31,14)(36,14);
35;0;4;4;37,49,37,49;4;7,7,14,14;5;18(2):(37,7)(49,7);26(2):(37,7)(37,10);34(2):(37,11)(37,14);86(2):(37,14)(49,14);121(2):(49,7)(49,14);
36;0;4;4;0,11,0,11;4;15,15,21,21;8;3(2):(0,15)(11,15);37(2):(11,15)(11,15);39(2):(11,16)(11,17);45(2):(11,18)(11,18);47(2):(11,19)(11,19);50(2):(11,20)(11,20);52(2):(11,21)(11,21);59(2):(0,21)(11,21);
37;0;4;4;12,14,12,14;4;15,15,15,15;4;6(2):(12,15)(14,15);36(2):(12,15)(12,15);38(2):(14,15)(14,15);39(2):(12,15)(14,15);
38;0;4;4;15,17,15,17;4;15,15,15,15;5;6(2):(15,15)(17,15);37(2):(15,15)(15,15);40(2):(15,15)(15,15);41(2):(16,15)(17,15);44(2):(17,15)(17,15);
39;0;4;4;12,14,12,14;4;16,16,17,17;6;36(2):(12,16)(12,17);37(2):(12,16)(14,16);40(2):(14,16)(14,16);42(2):(14,17)(14,17);45(2):(12,17)(12,17);46(2):(13,17)(14,17);
40;0;4;4;15,15,15,15;4;16,16,16,16;4;38(2):(15,16)(15,16);39(2):(15,16)(15,16);41(2):(15,16)(15,16);42(2):(15,16)(15,16);
41;1;4;4;16,17,16,17;4;16,16,16,16;4;38(2):(16,16)(17,16);40(2):(16,16)(16,16);43(2):(16,16)(17,16);44(2):(17,16)(17,16);
42;1;4;4;15,15,15,15;4;17,17,17,17;4;39(2):(15,17)(15,17);40(2):(15,17)(15,17);43(2):(15,17)(15,17);49(2):(15,17)(15,17);
43;1;4;4;16,17,16,17;4;17,17,17,17;4;41(2):(16,17)(17,17);42(2):(16,17)(16,17);44(2):(17,17)(17,17);49(2):(16,17)(17,17);
44;1;4;4;18,24,18,24;4;15,15,17,17;9;14(2):(18,15)(18,15);15(2):(19,15)(20,15);16(2):(21,15)(24,15);38(2):(18,15)(18,15);41(2):(18,16)(18,16);43(2):(18,17)(18,17);58(2):(18,17)(24,17);70(2):(24,15)(24,15);72(2):(24,16)(24,17);
45;0;4;4;12,12,12,12;4;18,18,18,18;4;36(2):(12,18)(12,18);39(2):(12,18)(12,18);46(2):(12,18)(12,18);47(2):(12,18)(12,18);
46;1;4;4;13,14,13,14;4;18,18,18,18;4;39(2):(13,18)(14,18);45(2):(13,18)(13,18);48(2):(13,18)(14,18);49(2):(14,18)(14,18);
47;0;4;4;12,12,12,12;4;19,19,19,19;4;36(2):(12,19)(12,19);45(2):(12,19)(12,19);48(2):(12,19)(12,19);50(2):(12,19)(12,19);
48;1;4;4;13,14,13,14;4;19,19,19,19;4;46(2):(13,19)(14,19);47(2):(13,19)(13,19);49(2):(14,19)(14,19);51(2):(13,19)(14,19);
49;1;4;4;15,17,15,17;4;18,18,19,19;7;42(2):(15,18)(15,18);43(2):(16,18)(17,18);46(2):(15,18)(15,18);48(2):(15,19)(15,19);54(2):(15,19)(15,19);55(2):(16,19)(17,19);58(2):(17,18)(17,19);
50;0;4;4;12,12,12,12;4;20,20,20,20;4;36(2):(12,20)(12,20);47(2):(12,20)(12,20);51(2):(12,20)(12,20);52(2):(12,20)(12,20);
51;1;4;4;13,14,13,14;4;20,20,20,20;4;48(2):(13,20)(14,20);50(2):(13,20)(13,20);53(2):(13,20)(14,20);54(2):(14,20)(14,20);
52;0;4;4;12,12,12,12;4;21,21,21,21;4;36(2):(12,21)(12,21);50(2):(12,21)(12,21);53(2):(12,21)(12,21);60(2):(12,21)(12,21);
53;0;4;4;13,14,13,14;4;21,21,21,21;4;51(2):(13,21)(14,21);52(2):(13,21)(13,21);56(2):(14,21)(14,21);60(2):(13,21)(14,21);
54;1;4;4;15,15,15,15;4;20,20,20,20;4;49(2):(15,20)(15,20);51(2):(15,20)(15,20);55(2):(15,20)(15,20);56(2):(15,20)(15,20);
55;1;4;4;16,17,16,17;4;20,20,20,20;4;49(2):(16,20)(17,20);54(2):(16,20)(16,20);57(2):(16,20)(17,20);58(2):(17,20)(17,20);
56;0;4;4;15,15,15,15;4;21,21,21,21;4;53(2):(15,21)(15,21);54(2):(15,21)(15,21);57(2):(15,21)(15,21);60(2):(15,21)(15,21);
57;0;4;4;16,17,16,17;4;21,21,21,21;4;55(2):(16,21)(17,21);56(2):(16,21)(16,21);58(2):(17,21)(17,21);60(2):(16,21)(17,21);
58;1;4;4;18,24,18,24;4;18,18,21,21;8;44(2):(18,18)(24,18);49(2):(18,18)(18,19);55(2):(18,20)(18,20);57(2):(18,21)(18,21);61(2):(18,21)(20,21);62(2):(21,21)(22,21);63(2):(23,21)(24,21);75(2):(24,18)(24,21);
59;0;4;4;0,11,0,11;4;22,22,29,29;4;36(2):(0,22)(11,22);60(2):(11,22)(11,25);68(2):(11,26)(11,29);282(2):(0,29)(11,29);
60;0;4;4;12,17,12,17;4;22,22,25,25;8;52(2):(12,22)(12,22);53(2):(13,22)(14,22);56(2):(15,22)(15,22);57(2):(16,22)(17,22);59(2):(12,22)(12,25);61(2):(17,22)(17,23);66(2):(17,24)(17,25);68(2):(12,25)(17,25);
61;0;4;4;18,20,18,20;4;22,22,23,23;5;58(2):(18,22)(20,22);60(2):(18,22)(18,23);62(2):(20,22)(20,22);64(2):(20,23)(20,23);66(2):(18,23)(20,23);
62;1;4;4;21,22,21,22;4;22,22,22,22;4;58(2):(21,22)(22,22);61(2):(21,22)(21,22);63(2):(22,22)(22,22);64(2):(21,22)(22,22);
63;1;4;4;23,24,23,24;4;22,22,22,22;4;58(2):(23,22)(24,22);62(2):(23,22)(23,22);65(2):(23,22)(24,22);87(2):(24,22)(24,22);
64;0;4;4;21,22,21,22;4;23,23,23,23;4;61(2):(21,23)(21,23);62(2):(21,23)(22,23);65(2):(22,23)(22,23);67(2):(21,23)(22,23);
65;0;4;4;23,24,23,24;4;23,23,23,23;4;63(2):(23,23)(24,23);64(2):(23,23)(23,23);67(2):(23,23)(24,23);87(2):(24,23)(24,23);
66;0;4;4;18,20,18,20;4;24,24,25,25;4;60(2):(18,24)(18,25);61(2):(18,24)(20,24);67(2):(20,24)(20,25);69(2):(18,25)(20,25);
67;0;4;4;21,24,21,24;4;24,24,25,25;5;64(2):(21,24)(22,24);65(2):(23,24)(24,24);66(2):(21,24)(21,25);69(2):(21,25)(24,25);89(2):(24,24)(24,25);
68;0;4;4;12,17,12,17;4;26,26,29,29;4;59(2):(12,26)(12,29);60(2):(12,26)(17,26);69(2):(17,26)(17,29);282(2):(12,29)(17,29);
69;0;4;4;18,24,18,24;4;26,26,29,29;5;66(2):(18,26)(20,26);67(2):(21,26)(24,26);68(2):(18,26)(18,29);107(2):(24,26)(24,29);282(2):(18,29)(24,29);
70;1;4;4;25,27,25,27;4;15,15,15,15;4;29(2):(25,15)(27,15);44(2):(25,15)(25,15);71(2):(27,15)(27,15);72(2):(25,15)(27,15);
71;1;4;4;28,30,28,30;4;15,15,15,15;5;32(2):(28,15)(28,15);33(2):(29,15)(30,15);70(2):(28,15)(28,15);73(2):(28,15)(30,15);74(2):(30,15)(30,15);
72;1;4;4;25,27,25,27;4;16,16,17,17;4;44(2):(25,16)(25,17);70(2):(25,16)(27,16);73(2):(27,16)(27,17);75(2):(25,17)(27,17);
73;1;4;4;28,30,28,30;4;16,16,17,17;4;71(2):(28,16)(30,16);72(2):(28,16)(28,17);74(2):(30,16)(30,17);75(2):(28,17)(30,17);
74;0;4;4;31,36,31,36;4;15,15,17,17;7;34(2):(31,15)(36,15);71(2):(31,15)(31,15);73(2):(31,16)(31,17);76(2):(31,17)(31,17);77(2):(32,17)(33,17);80(2):(34,17)(36,17);86(2):(36,15)(36,17);
75;1;4;4;25,30,25,30;4;18,18,21,21;9;58(2):(25,18)(25,21);72(2):(25,18)(27,18);73(2):(28,18)(30,18);76(2):(30,18)(30,18);78(2):(30,19)(30,19);81(2):(30,20)(30,20);83(2):(30,21)(30,21);87(2):(25,21)(27,21);88(2):(28,21)(30,21);
76;1;4;4;31,31,31,31;4;18,18,18,18;4;74(2):(31,18)(31,18);75(2):(31,18)(31,18);77(2):(31,18)(31,18);78(2):(31,18)(31,18);
77;0;4;4;32,33,32,33;4;18,18,18,18;4;74(2):(32,18)(33,18);76(2):(32,18)(32,18);79(2):(32,18)(33,18);80(2):(33,18)(33,18);
78;1;4;4;31,31,31,31;4;19,19,19,19;4;75(2):(31,19)(31,19);76(2):(31,19)(31,19);79(2):(31,19)(31,19);81(2):(31,19)(31,19);
79;0;4;4;32,33,32,33;4;19,19,19,19;4;77(2):(32,19)(33,19);78(2):(32,19)(32,19);80(2):(33,19)(33,19);82(2):(32,19)(33,19);
80;0;4;4;34,36,34,36;4;18,18,19,19;5;74(2):(34,18)(36,18);77(2):(34,18)(34,18);79(2):(34,19)(34,19);85(2):(34,19)(36,19);86(2):(36,18)(36,19);
81;1;4;4;31,31,31,31;4;20,20,20,20;4;75(2):(31,20)(31,20);78(2):(31,20)(31,20);82(2):(31,20)(31,20);83(2):(31,20)(31,20);
82;1;4;4;32,33,32,33;4;20,20,20,20;4;79(2):(32,20)(33,20);81(2):(32,20)(32,20);84(2):(32,20)(33,20);85(2):(33,20)(33,20);
83;1;4;4;31,31,31,31;4;21,21,21,21;4;75(2):(31,21)(31,21);81(2):(31,21)(31,21);84(2):(31,21)(31,21);94(2):(31,21)(31,21);
84;1;4;4;32,33,32,33;4;21,21,21,21;4;82(2):(32,21)(33,21);83(2):(32,21)(32,21);85(2):(33,21)(33,21);94(2):(32,21)(33,21);
85;0;4;4;34,36,34,36;4;20,20,21,21;6;80(2):(34,20)(36,20);82(2):(34,20)(34,20);84(2):(34,21)(34,21);86(2):(36,20)(36,21);95(2):(34,21)(34,21);96(2):(35,21)(36,21);
86;0;4;4;37,49,37,49;4;15,15,21,21;6;35(2):(37,15)(49,15);74(2):(37,15)(37,17);80(2):(37,18)(37,19);85(2):(37,20)(37,21);109(2):(37,21)(49,21);175(2):(49,15)(49,21);
87;1;4;4;25,27,25,27;4;22,22,23,23;5;63(2):(25,22)(25,22);65(2):(25,23)(25,23);75(2):(25,22)(27,22);88(2):(27,22)(27,23);89(2):(25,23)(27,23);
88;1;4;4;28,30,28,30;4;22,22,23,23;5;75(2):(28,22)(30,22);87(2):(28,22)(28,23);90(2):(28,23)(28,23);91(2):(29,23)(30,23);94(2):(30,22)(30,23);
89;0;4;4;25,27,25,27;4;24,24,25,25;5;67(2):(25,24)(25,25);87(2):(25,24)(27,24);90(2):(27,24)(27,24);92(2):(27,25)(27,25);107(2):(25,25)(27,25);
90;1;4;4;28,28,28,28;4;24,24,24,24;4;88(2):(28,24)(28,24);89(2):(28,24)(28,24);91(2):(28,24)(28,24);92(2):(28,24)(28,24);
91;1;4;4;29,30,29,30;4;24,24,24,24;4;88(2):(29,24)(30,24);90(2):(29,24)(29,24);93(2):(29,24)(30,24);99(2):(30,24)(30,24);
92;0;4;4;28,28,28,28;4;25,25,25,25;4;89(2):(28,25)(28,25);90(2):(28,25)(28,25);93(2):(28,25)(28,25);107(2):(28,25)(28,25);
93;0;4;4;29,30,29,30;4;25,25,25,25;4;91(2):(29,25)(30,25);92(2):(29,25)(29,25);101(2):(30,25)(30,25);107(2):(29,25)(30,25);
94;1;4;4;31,33,31,33;4;22,22,23,23;7;83(2):(31,22)(31,22);84(2):(32,22)(33,22);88(2):(31,22)(31,23);95(2):(33,22)(33,22);97(2):(33,23)(33,23);99(2):(31,23)(31,23);100(2):(32,23)(33,23);
95;0;4;4;34,34,34,34;4;22,22,22,22;4;85(2):(34,22)(34,22);94(2):(34,22)(34,22);96(2):(34,22)(34,22);97(2):(34,22)(34,22);
96;0;4;4;35,36,35,36;4;22,22,22,22;4;85(2):(35,22)(36,22);95(2):(35,22)(35,22);98(2):(35,22)(36,22);109(2):(36,22)(36,22);
97;1;4;4;34,34,34,34;4;23,23,23,23;4;94(2):(34,23)(34,23);95(2):(34,23)(34,23);98(2):(34,23)(34,23);103(2):(34,23)(34,23);
98;0;4;4;35,36,35,36;4;23,23,23,23;4;96(2):(35,23)(36,23);97(2):(35,23)(35,23);104(2):(35,23)(36,23);109(2):(36,23)(36,23);
99;1;4;4;31,31,31,31;4;24,24,24,24;4;91(2):(31,24)(31,24);94(2):(31,24)(31,24);100(2):(31,24)(31,24);101(2):(31,24)(31,24);
100;1;4;4;32,33,32,33;4;24,24,24,24;4;94(2):(32,24)(33,24);99(2):(32,24)(32,24);102(2):(32,24)(33,24);103(2):(33,24)(33,24);
101;0;4;4;31,31,31,31;4;25,25,25,25;4;93(2):(31,25)(31,25);99(2):(31,25)(31,25);102(2):(31,25)(31,25);108(2):(31,25)(31,25);
102;1;4;4;32,33,32,33;4;25,25,25,25;4;100(2):(32,25)(33,25);101(2):(32,25)(32,25);105(2):(33,25)(33,25);108(2):(32,25)(33,25);
103;1;4;4;34,34,34,34;4;24,24,24,24;4;97(2):(34,24)(34,24);100(2):(34,24)(34,24);104(2):(34,24)(34,24);105(2):(34,24)(34,24);
104;0;4;4;35,36,35,36;4;24,24,24,24;4;98(2):(35,24)(36,24);103(2):(35,24)(35,24);106(2):(35,24)(36,24);109(2):(36,24)(36,24);
105;1;4;4;34,34,34,34;4;25,25,25,25;4;102(2):(34,25)(34,25);103(2):(34,25)(34,25);106(2):(34,25)(34,25);108(2):(34,25)(34,25);
106;1;4;4;35,36,35,36;4;25,25,25,25;4;104(2):(35,25)(36,25);105(2):(35,25)(35,25);108(2):(35,25)(36,25);109(2):(36,25)(36,25);
107;0;4;4;25,30,25,30;4;26,26,29,29;6;69(2):(25,26)(25,29);89(2):(25,26)(27,26);92(2):(28,26)(28,26);93(2):(29,26)(30,26);108(2):(30,26)(30,29);283(2):(25,29)(30,29);
108;0;4;4;31,36,31,36;4;26,26,29,29;7;101(2):(31,26)(31,26);102(2):(32,26)(33,26);105(2):(34,26)(34,26);106(2):(35,26)(36,26);107(2):(31,26)(31,29);109(2):(36,26)(36,29);283(2):(31,29)(36,29);
109;0;4;4;37,49,37,49;4;22,22,29,29;9;86(2):(37,22)(49,22);96(2):(37,22)(37,22);98(2):(37,23)(37,23);104(2):(37,24)(37,24);106(2):(37,25)(37,25);108(2):(37,26)(37,29);186(2):(49,22)(49,25);188(2):(49,26)(49,29);284(2):(37,29)(49,29);
110;0;4;4;50,61,50,61;4;0,0,6,6;4;18(2):(50,0)(50,6);111(2):(61,0)(61,2);113(2):(61,3)(61,6);121(2):(50,6)(61,6);
111;0;4;4;62,67,62,67;4;0,0,2,2;3;110(2):(62,0)(62,2);112(2):(67,0)(67,2);113(2):(62,2)(67,2);
112;0;4;4;68,74,68,74;4;0,0,2,2;4;111(2):(68,0)(68,2);114(2):(68,2)(70,2);115(2):(71,2)(74,2);147(2):(74,0)(74,2);
113;0;4;4;62,67,62,67;4;3,3,6,6;8;110(2):(62,3)(62,6);111(2):(62,3)(67,3);114(2):(67,3)(67,4);116(2):(67,5)(67,5);118(2):(67,6)(67,6);122(2):(62,6)(64,6);123(2):(65,6)(65,6);124(2):(66,6)(67,6);
114;0;4;4;68,70,68,70;4;3,3,4,4;5;112(2):(68,3)(70,3);113(2):(68,3)(68,4);115(2):(70,3)(70,4);116(2):(68,4)(68,4);117(2):(69,4)(70,4);
115;0;4;4;71,74,71,74;4;3,3,4,4;4;112(2):(71,3)(74,3);114(2):(71,3)(71,4);120(2):(71,4)(74,4);147(2):(74,3)(74,4);
116;0;4;4;68,68,68,68;4;5,5,5,5;4;113(2):(68,5)(68,5);114(2):(68,5)(68,5);117(2):(68,5)(68,5);118(2):(68,5)(68,5);
117;0;4;4;69,70,69,70;4;5,5,5,5;4;114(2):(69,5)(70,5);116(2):(69,5)(69,5);119(2):(69,5)(70,5);120(2):(70,5)(70,5);
118;1;4;4;68,68,68,68;4;6,6,6,6;4;113(2):(68,6)(68,6);116(2):(68,6)(68,6);119(2):(68,6)(68,6);132(2):(68,6)(68,6);
119;1;4;4;69,70,69,70;4;6,6,6,6;4;117(2):(69,6)(70,6);118(2):(69,6)(69,6);120(2):(70,6)(70,6);132(2):(69,6)(70,6);
120;0;4;4;71,74,71,74;4;5,5,6,6;6;115(2):(71,5)(74,5);117(2):(71,5)(71,5);119(2):(71,6)(71,6);133(2):(71,6)(72,6);134(2):(73,6)(74,6);147(2):(74,5)(74,6);
121;0;4;4;50,61,50,61;4;7,7,14,14;7;35(2):(50,7)(50,14);110(2):(50,7)(61,7);122(2):(61,7)(61,8);127(2):(61,9)(61,10);139(2):(61,11)(61,12);141(2):(61,13)(61,14);175(2):(50,14)(61,14);
122;0;4;4;62,64,62,64;4;7,7,8,8;5;113(2):(62,7)(64,7);121(2):(62,7)(62,8);123(2):(64,7)(64,7);125(2):(64,8)(64,8);127(2):(62,8)(64,8);
123;0;4;4;65,65,65,65;4;7,7,7,7;4;113(2):(65,7)(65,7);122(2):(65,7)(65,7);124(2):(65,7)(65,7);125(2):(65,7)(65,7);
124;0;4;4;66,67,66,67;4;7,7,7,7;4;113(2):(66,7)(67,7);123(2):(66,7)(66,7);126(2):(66,7)(67,7);132(2):(67,7)(67,7);
125;0;4;4;65,65,65,65;4;8,8,8,8;4;122(2):(65,8)(65,8);123(2):(65,8)(65,8);126(2):(65,8)(65,8);128(2):(65,8)(65,8);
126;1;4;4;66,67,66,67;4;8,8,8,8;4;124(2):(66,8)(67,8);125(2):(66,8)(66,8);129(2):(66,8)(67,8);132(2):(67,8)(67,8);
127;0;4;4;62,64,62,64;4;9,9,10,10;5;121(2):(62,9)(62,10);122(2):(62,9)(64,9);128(2):(64,9)(64,9);130(2):(64,10)(64,10);139(2):(62,10)(64,10);
128;0;4;4;65,65,65,65;4;9,9,9,9;4;125(2):(65,9)(65,9);127(2):(65,9)(65,9);129(2):(65,9)(65,9);130(2):(65,9)(65,9);
129;1;4;4;66,67,66,67;4;9,9,9,9;4;126(2):(66,9)(67,9);128(2):(66,9)(66,9);131(2):(66,9)(67,9);137(2):(67,9)(67,9);
130;0;4;4;65,65,65,65;4;10,10,10,10;4;127(2):(65,10)(65,10);128(2):(65,10)(65,10);131(2):(65,10)(65,10);140(2):(65,10)(65,10);
131;1;4;4;66,67,66,67;4;10,10,10,10;4;129(2):(66,10)(67,10);130(2):(66,10)(66,10);137(2):(67,10)(67,10);140(2):(66,10)(67,10);
132;1;4;4;68,70,68,70;4;7,7,8,8;7;118(2):(68,7)(68,7);119(2):(69,7)(70,7);124(2):(68,7)(68,7);126(2):(68,8)(68,8);133(2):(70,7)(70,7);135(2):(70,8)(70,8);137(2):(68,8)(70,8);
133;0;4;4;71,72,71,72;4;7,7,7,7;4;120(2):(71,7)(72,7);132(2):(71,7)(71,7);134(2):(72,7)(72,7);135(2):(71,7)(72,7);
134;0;4;4;73,74,73,74;4;7,7,7,7;4;120(2):(73,7)(74,7);133(2):(73,7)(73,7);136(2):(73,7)(74,7);149(2):(74,7)(74,7);
135;1;4;4;71,72,71,72;4;8,8,8,8;4;132(2):(71,8)(71,8);133(2):(71,8)(72,8);136(2):(72,8)(72,8);138(2):(71,8)(72,8);
136;0;4;4;73,74,73,74;4;8,8,8,8;4;134(2):(73,8)(74,8);135(2):(73,8)(73,8);138(2):(73,8)(74,8);149(2):(74,8)(74,8);
137;1;4;4;68,70,68,70;4;9,9,10,10;5;129(2):(68,9)(68,9);131(2):(68,10)(68,10);132(2):(68,9)(70,9);138(2):(70,9)(70,10);146(2):(68,10)(70,10);
138;1;4;4;71,74,71,74;4;9,9,10,10;6;135(2):(71,9)(72,9);136(2):(73,9)(74,9);137(2):(71,9)(71,10);146(2):(71,10)(74,10);151(2):(74,9)(74,9);153(2):(74,10)(74,10);
139;0;4;4;62,64,62,64;4;11,11,12,12;4;121(2):(62,11)(62,12);127(2):(62,11)(64,11);140(2):(64,11)(64,12);141(2):(62,12)(64,12);
140;1;4;4;65,67,65,67;4;11,11,12,12;6;130(2):(65,11)(65,11);131(2):(66,11)(67,11);139(2):(65,11)(65,12);142(2):(65,12)(65,12);143(2):(66,12)(67,12);146(2):(67,11)(67,12);
141;0;4;4;62,64,62,64;4;13,13,14,14;5;121(2):(62,13)(62,14);139(2):(62,13)(64,13);142(2):(64,13)(64,13);144(2):(64,14)(64,14);176(2):(62,14)(64,14);
142;0;4;4;65,65,65,65;4;13,13,13,13;4;140(2):(65,13)(65,13);141(2):(65,13)(65,13);143(2):(65,13)(65,13);144(2):(65,13)(65,13);
143;1;4;4;66,67,66,67;4;13,13,13,13;4;140(2):(66,13)(67,13);142(2):(66,13)(66,13);145(2):(66,13)(67,13);146(2):(67,13)(67,13);
144;0;4;4;65,65,65,65;4;14,14,14,14;4;141(2):(65,14)(65,14);142(2):(65,14)(65,14);145(2):(65,14)(65,14);176(2):(65,14)(65,14);
145;0;4;4;66,67,66,67;4;14,14,14,14;4;143(2):(66,14)(67,14);144(2):(66,14)(66,14);146(2):(67,14)(67,14);176(2):(66,14)(67,14);
146;1;4;4;68,74,68,74;4;11,11,14,14;9;137(2):(68,11)(70,11);138(2):(71,11)(74,11);140(2):(68,11)(68,12);143(2):(68,13)(68,13);145(2):(68,14)(68,14);157(2):(74,11)(74,12);162(2):(74,13)(74,14);177(2):(68,14)(70,14);178(2):(71,14)(74,14);
147;0;4;4;75,86,75,86;4;0,0,6,6;7;112(2):(75,0)(75,2);115(2):(75,3)(75,4);120(2):(75,5)(75,6);148(2):(86,0)(86,6);149(2):(75,6)(77,6);150(2):(78,6)(80,6);156(2):(81,6)(86,6);
148;0;4;4;87,99,87,99;4;0,0,6,6;2;147(2):(87,0)(87,6);174(2):(87,6)(99,6);
149;0;4;4;75,77,75,77;4;7,7,8,8;6;134(2):(75,7)(75,7);136(2):(75,8)(75,8);147(2):(75,7)(77,7);150(2):(77,7)(77,8);151(2):(75,8)(75,8);152(2):(76,8)(77,8);
150;0;4;4;78,80,78,80;4;7,7,8,8;4;147(2):(78,7)(80,7);149(2):(78,7)(78,8);155(2):(78,8)(80,8);156(2):(80,7)(80,8);
151;0;4;4;75,75,75,75;4;9,9,9,9;4;138(2):(75,9)(75,9);149(2):(75,9)(75,9);152(2):(75,9)(75,9);153(2):(75,9)(75,9);
152;0;4;4;76,77,76,77;4;9,9,9,9;4;149(2):(76,9)(77,9);151(2):(76,9)(76,9);154(2):(76,9)(77,9);155(2):(77,9)(77,9);
153;1;4;4;75,75,75,75;4;10,10,10,10;4;138(2):(75,10)(75,10);151(2):(75,10)(75,10);154(2):(75,10)(75,10);157(2):(75,10)(75,10);
154;1;4;4;76,77,76,77;4;10,10,10,10;4;152(2):(76,10)(77,10);153(2):(76,10)(76,10);155(2):(77,10)(77,10);157(2):(76,10)(77,10);
155;0;4;4;78,80,78,80;4;9,9,10,10;6;150(2):(78,9)(80,9);152(2):(78,9)(78,9);154(2):(78,10)(78,10);156(2):(80,9)(80,10);158(2):(78,10)(78,10);159(2):(79,10)(80,10);
156;0;4;4;81,86,81,86;4;7,7,10,10;6;147(2):(81,7)(86,7);150(2):(81,7)(81,8);155(2):(81,9)(81,10);164(2):(81,10)(83,10);165(2):(84,10)(86,10);174(2):(86,7)(86,10);
157;1;4;4;75,77,75,77;4;11,11,12,12;6;146(2):(75,11)(75,12);153(2):(75,11)(75,11);154(2):(76,11)(77,11);158(2):(77,11)(77,11);160(2):(77,12)(77,12);162(2):(75,12)(77,12);
158;1;4;4;78,78,78,78;4;11,11,11,11;4;155(2):(78,11)(78,11);157(2):(78,11)(78,11);159(2):(78,11)(78,11);160(2):(78,11)(78,11);
159;0;4;4;79,80,79,80;4;11,11,11,11;4;155(2):(79,11)(80,11);158(2):(79,11)(79,11);161(2):(79,11)(80,11);164(2):(80,11)(80,11);
160;1;4;4;78,78,78,78;4;12,12,12,12;4;157(2):(78,12)(78,12);158(2):(78,12)(78,12);161(2):(78,12)(78,12);163(2):(78,12)(78,12);
161;1;4;4;79,80,79,80;4;12,12,12,12;4;159(2):(79,12)(80,12);160(2):(79,12)(79,12);163(2):(79,12)(80,12);164(2):(80,12)(80,12);
162;1;4;4;75,77,75,77;4;13,13,14,14;4;146(2):(75,13)(75,14);157(2):(75,13)(77,13);163(2):(77,13)(77,14);215(2):(75,14)(77,14);
163;1;4;4;78,80,78,80;4;13,13,14,14;6;160(2):(78,13)(78,13);161(2):(79,13)(80,13);162(2):(78,13)(78,14);166(2):(80,13)(80,13);168(2):(80,14)(80,14);215(2):(78,14)(80,14);
164;0;4;4;81,83,81,83;4;11,11,12,12;6;156(2):(81,11)(83,11);159(2):(81,11)(81,11);161(2):(81,12)(81,12);165(2):(83,11)(83,12);166(2):(81,12)(81,12);167(2):(82,12)(83,12);
165;0;4;4;84,86,84,86;4;11,11,12,12;5;156(2):(84,11)(86,11);164(2):(84,11)(84,12);170(2):(84,12)(84,12);171(2):(85,12)(86,12);174(2):(86,11)(86,12);
166;1;4;4;81,81,81,81;4;13,13,13,13;4;163(2):(81,13)(81,13);164(2):(81,13)(81,13);167(2):(81,13)(81,13);168(2):(81,13)(81,13);
167;0;4;4;82,83,82,83;4;13,13,13,13;4;164(2):(82,13)(83,13);166(2):(82,13)(82,13);169(2):(82,13)(83,13);170(2):(83,13)(83,13);
168;1;4;4;81,81,81,81;4;14,14,14,14;4;163(2):(81,14)(81,14);166(2):(81,14)(81,14);169(2):(81,14)(81,14);216(2):(81,14)(81,14);
169;1;4;4;82,83,82,83;4;14,14,14,14;4;167(2):(82,14)(83,14);168(2):(82,14)(82,14);172(2):(83,14)(83,14);216(2):(82,14)(83,14);
170;0;4;4;84,84,84,84;4;13,13,13,13;4;165(2):(84,13)(84,13);167(2):(84,13)(84,13);171(2):(84,13)(84,13);172(2):(84,13)(84,13);
171;0;4;4;85,86,85,86;4;13,13,13,13;4;165(2):(85,13)(86,13);170(2):(85,13)(85,13);173(2):(85,13)(86,13);174(2):(86,13)(86,13);
172;1;4;4;84,84,84,84;4;14,14,14,14;4;169(2):(84,14)(84,14);170(2):(84,14)(84,14);173(2):(84,14)(84,14);216(2):(84,14)(84,14);
173;0;4;4;85,86,85,86;4;14,14,14,14;4;171(2):(85,14)(86,14);172(2):(85,14)(85,14);174(2):(86,14)(86,14);216(2):(85,14)(86,14);
174;0;4;4;87,99,87,99;4;7,7,14,14;8;148(2):(87,7)(99,7);156(2):(87,7)(87,10);165(2):(87,11)(87,12);171(2):(87,13)(87,13);173(2):(87,14)(87,14);228(2):(87,14)(89,14);229(2):(90,14)(92,14);238(2):(93,14)(99,14);
175;0;4;4;50,61,50,61;4;15,15,21,21;6;86(2):(50,15)(50,21);121(2):(50,15)(61,15);176(2):(61,15)(61,17);184(2):(61,18)(61,21);186(2):(50,21)(55,21);187(2):(56,21)(61,21);
176;0;4;4;62,67,62,67;4;15,15,17,17;7;141(2):(62,15)(64,15);144(2):(65,15)(65,15);145(2):(66,15)(67,15);175(2):(62,15)(62,17);177(2):(67,15)(67,15);179(2):(67,16)(67,17);184(2):(62,17)(67,17);
177;1;4;4;68,70,68,70;4;15,15,15,15;4;146(2):(68,15)(70,15);176(2):(68,15)(68,15);178(2):(70,15)(70,15);179(2):(68,15)(70,15);
178;1;4;4;71,74,71,74;4;15,15,15,15;5;146(2):(71,15)(74,15);177(2):(71,15)(71,15);180(2):(71,15)(72,15);181(2):(73,15)(74,15);215(2):(74,15)(74,15);
179;0;4;4;68,70,68,70;4;16,16,17,17;5;176(2):(68,16)(68,17);177(2):(68,16)(70,16);180(2):(70,16)(70,16);182(2):(70,17)(70,17);185(2):(68,17)(70,17);
180;1;4;4;71,72,71,72;4;16,16,16,16;4;178(2):(71,16)(72,16);179(2):(71,16)(71,16);181(2):(72,16)(72,16);182(2):(71,16)(72,16);
181;1;4;4;73,74,73,74;4;16,16,16,16;4;178(2):(73,16)(74,16);180(2):(73,16)(73,16);183(2):(73,16)(74,16);215(2):(74,16)(74,16);
182;0;4;4;71,72,71,72;4;17,17,17,17;4;179(2):(71,17)(71,17);180(2):(71,17)(72,17);183(2):(72,17)(72,17);185(2):(71,17)(72,17);
183;1;4;4;73,74,73,74;4;17,17,17,17;4;181(2):(73,17)(74,17);182(2):(73,17)(73,17);185(2):(73,17)(74,17);215(2):(74,17)(74,17);
184;0;4;4;62,67,62,67;4;18,18,21,21;4;175(2):(62,18)(62,21);176(2):(62,18)(67,18);185(2):(67,18)(67,21);196(2):(62,21)(67,21);
185;0;4;4;68,74,68,74;4;18,18,21,21;8;179(2):(68,18)(70,18);182(2):(71,18)(72,18);183(2):(73,18)(74,18);184(2):(68,18)(68,21);197(2):(68,21)(74,21);217(2):(74,18)(74,18);219(2):(74,19)(74,19);222(2):(74,20)(74,21);
186;0;4;4;50,55,50,55;4;22,22,25,25;4;109(2):(50,22)(50,25);175(2):(50,22)(55,22);187(2):(55,22)(55,25);188(2):(50,25)(55,25);
187;0;4;4;56,61,56,61;4;22,22,25,25;5;175(2):(56,22)(61,22);186(2):(56,22)(56,25);189(2):(56,25)(58,25);190(2):(59,25)(61,25);196(2):(61,22)(61,25);
188;0;4;4;50,55,50,55;4;26,26,29,29;6;109(2):(50,26)(50,29);186(2):(50,26)(55,26);189(2):(55,26)(55,27);191(2):(55,28)(55,29);337(2):(50,29)(52,29);338(2):(53,29)(55,29);
189;0;4;4;56,58,56,58;4;26,26,27,27;4;187(2):(56,26)(58,26);188(2):(56,26)(56,27);190(2):(58,26)(58,27);191(2):(56,27)(58,27);
190;0;4;4;59,61,59,61;4;26,26,27,27;6;187(2):(59,26)(61,26);189(2):(59,26)(59,27);192(2):(59,27)(59,27);193(2):(60,27)(61,27);198(2):(61,26)(61,26);200(2):(61,27)(61,27);
191;0;4;4;56,58,56,58;4;28,28,29,29;5;188(2):(56,28)(56,29);189(2):(56,28)(58,28);192(2):(58,28)(58,28);194(2):(58,29)(58,29);344(2):(56,29)(58,29);
192;0;4;4;59,59,59,59;4;28,28,28,28;4;190(2):(59,28)(59,28);191(2):(59,28)(59,28);193(2):(59,28)(59,28);194(2):(59,28)(59,28);
193;1;4;4;60,61,60,61;4;28,28,28,28;4;190(2):(60,28)(61,28);192(2):(60,28)(60,28);195(2):(60,28)(61,28);206(2):(61,28)(61,28);
194;1;4;4;59,59,59,59;4;29,29,29,29;4;191(2):(59,29)(59,29);192(2):(59,29)(59,29);195(2):(59,29)(59,29);345(2):(59,29)(59,29);
195;1;4;4;60,61,60,61;4;29,29,29,29;4;193(2):(60,29)(61,29);194(2):(60,29)(60,29);206(2):(61,29)(61,29);345(2):(60,29)(61,29);
196;0;4;4;62,67,62,67;4;22,22,25,25;7;184(2):(62,22)(67,22);187(2):(62,22)(62,25);197(2):(67,22)(67,25);198(2):(62,25)(62,25);199(2):(63,25)(64,25);202(2):(65,25)(65,25);203(2):(66,25)(67,25);
197;0;4;4;68,74,68,74;4;22,22,25,25;5;185(2):(68,22)(74,22);196(2):(68,22)(68,25);208(2):(68,25)(70,25);209(2):(71,25)(74,25);250(2):(74,22)(74,25);
198;0;4;4;62,62,62,62;4;26,26,26,26;4;190(2):(62,26)(62,26);196(2):(62,26)(62,26);199(2):(62,26)(62,26);200(2):(62,26)(62,26);
199;1;4;4;63,64,63,64;4;26,26,26,26;4;196(2):(63,26)(64,26);198(2):(63,26)(63,26);201(2):(63,26)(64,26);202(2):(64,26)(64,26);
200;1;4;4;62,62,62,62;4;27,27,27,27;4;190(2):(62,27)(62,27);198(2):(62,27)(62,27);201(2):(62,27)(62,27);206(2):(62,27)(62,27);
201;1;4;4;63,64,63,64;4;27,27,27,27;4;199(2):(63,27)(64,27);200(2):(63,27)(63,27);204(2):(64,27)(64,27);206(2):(63,27)(64,27);
202;0;4;4;65,65,65,65;4;26,26,26,26;4;196(2):(65,26)(65,26);199(2):(65,26)(65,26);203(2):(65,26)(65,26);204(2):(65,26)(65,26);
203;0;4;4;66,67,66,67;4;26,26,26,26;4;196(2):(66,26)(67,26);202(2):(66,26)(66,26);205(2):(66,26)(67,26);208(2):(67,26)(67,26);
204;1;4;4;65,65,65,65;4;27,27,27,27;4;201(2):(65,27)(65,27);202(2):(65,27)(65,27);205(2):(65,27)(65,27);207(2):(65,27)(65,27);
205;1;4;4;66,67,66,67;4;27,27,27,27;4;203(2):(66,27)(67,27);204(2):(66,27)(66,27);207(2):(66,27)(67,27);208(2):(67,27)(67,27);
206;1;4;4;62,64,62,64;4;28,28,29,29;6;193(2):(62,28)(62,28);195(2):(62,29)(62,29);200(2):(62,28)(62,28);201(2):(63,28)(64,28);207(2):(64,28)(64,29);362(2):(62,29)(64,29);
207;1;4;4;65,67,65,67;4;28,28,29,29;5;204(2):(65,28)(65,28);205(2):(66,28)(67,28);206(2):(65,28)(65,29);210(2):(67,28)(67,29);362(2):(65,29)(67,29);
208;0;4;4;68,70,68,70;4;26,26,27,27;5;197(2):(68,26)(70,26);203(2):(68,26)(68,26);205(2):(68,27)(68,27);209(2):(70,26)(70,27);210(2):(68,27)(70,27);
209;0;4;4;71,74,71,74;4;26,26,27,27;5;197(2):(71,26)(74,26);208(2):(71,26)(71,27);211(2):(71,27)(72,27);212(2):(73,27)(74,27);261(2):(74,26)(74,27);
210;1;4;4;68,70,68,70;4;28,28,29,29;5;207(2):(68,28)(68,29);208(2):(68,28)(70,28);211(2):(70,28)(70,28);213(2):(70,29)(70,29);362(2):(68,29)(70,29);
211;0;4;4;71,72,71,72;4;28,28,28,28;4;209(2):(71,28)(72,28);210(2):(71,28)(71,28);212(2):(72,28)(72,28);213(2):(71,28)(72,28);
212;0;4;4;73,74,73,74;4;28,28,28,28;4;209(2):(73,28)(74,28);211(2):(73,28)(73,28);214(2):(73,28)(74,28);261(2):(74,28)(74,28);
213;1;4;4;71,72,71,72;4;29,29,29,29;4;210(2):(71,29)(71,29);211(2):(71,29)(72,29);214(2):(72,29)(72,29);362(2):(71,29)(72,29);
214;1;4;4;73,74,73,74;4;29,29,29,29;4;212(2):(73,29)(74,29);213(2):(73,29)(73,29);261(2):(74,29)(74,29);362(2):(73,29)(74,29);
215;1;4;4;75,80,75,80;4;15,15,17,17;9;162(2):(75,15)(77,15);163(2):(78,15)(80,15);178(2):(75,15)(75,15);181(2):(75,16)(75,16);183(2):(75,17)(75,17);216(2):(80,15)(80,17);217(2):(75,17)(75,17);218(2):(76,17)(77,17);221(2):(78,17)(80,17);
216;1;4;4;81,86,81,86;4;15,15,17,17;9;168(2):(81,15)(81,15);169(2):(82,15)(83,15);172(2):(84,15)(84,15);173(2):(85,15)(86,15);215(2):(81,15)(81,17);227(2):(81,17)(86,17);228(2):(86,15)(86,15);230(2):(86,16)(86,16);232(2):(86,17)(86,17);
217;1;4;4;75,75,75,75;4;18,18,18,18;4;185(2):(75,18)(75,18);215(2):(75,18)(75,18);218(2):(75,18)(75,18);219(2):(75,18)(75,18);
218;1;4;4;76,77,76,77;4;18,18,18,18;4;215(2):(76,18)(77,18);217(2):(76,18)(76,18);220(2):(76,18)(77,18);221(2):(77,18)(77,18);
219;0;4;4;75,75,75,75;4;19,19,19,19;4;185(2):(75,19)(75,19);217(2):(75,19)(75,19);220(2):(75,19)(75,19);222(2):(75,19)(75,19);
220;1;4;4;76,77,76,77;4;19,19,19,19;4;218(2):(76,19)(77,19);219(2):(76,19)(76,19);221(2):(77,19)(77,19);222(2):(76,19)(77,19);
221;1;4;4;78,80,78,80;4;18,18,19,19;6;215(2):(78,18)(80,18);218(2):(78,18)(78,18);220(2):(78,19)(78,19);223(2):(78,19)(78,19);224(2):(79,19)(80,19);227(2):(80,18)(80,19);
222;0;4;4;75,77,75,77;4;20,20,21,21;6;185(2):(75,20)(75,21);219(2):(75,20)(75,20);220(2):(76,20)(77,20);223(2):(77,20)(77,20);225(2):(77,21)(77,21);250(2):(75,21)(77,21);
223;0;4;4;78,78,78,78;4;20,20,20,20;4;221(2):(78,20)(78,20);222(2):(78,20)(78,20);224(2):(78,20)(78,20);225(2):(78,20)(78,20);
224;1;4;4;79,80,79,80;4;20,20,20,20;4;221(2):(79,20)(80,20);223(2):(79,20)(79,20);226(2):(79,20)(80,20);227(2):(80,20)(80,20);
225;0;4;4;78,78,78,78;4;21,21,21,21;4;222(2):(78,21)(78,21);223(2):(78,21)(78,21);226(2):(78,21)(78,21);250(2):(78,21)(78,21);
226;1;4;4;79,80,79,80;4;21,21,21,21;4;224(2):(79,21)(80,21);225(2):(79,21)(79,21);227(2):(80,21)(80,21);250(2):(79,21)(80,21);
227;1;4;4;81,86,81,86;4;18,18,21,21;8;216(2):(81,18)(86,18);221(2):(81,18)(81,19);224(2):(81,20)(81,20);226(2):(81,21)(81,21);239(2):(86,18)(86,21);251(2):(81,21)(81,21);252(2):(82,21)(83,21);255(2):(84,21)(86,21);
228;0;4;4;87,89,87,89;4;15,15,15,15;5;174(2):(87,15)(89,15);216(2):(87,15)(87,15);229(2):(89,15)(89,15);230(2):(87,15)(87,15);231(2):(88,15)(89,15);
229;0;4;4;90,92,90,92;4;15,15,15,15;5;174(2):(90,15)(92,15);228(2):(90,15)(90,15);234(2):(90,15)(90,15);235(2):(91,15)(92,15);238(2):(92,15)(92,15);
230;1;4;4;87,87,87,87;4;16,16,16,16;4;216(2):(87,16)(87,16);228(2):(87,16)(87,16);231(2):(87,16)(87,16);232(2):(87,16)(87,16);
231;1;4;4;88,89,88,89;4;16,16,16,16;4;228(2):(88,16)(89,16);230(2):(88,16)(88,16);233(2):(88,16)(89,16);234(2):(89,16)(89,16);
232;1;4;4;87,87,87,87;4;17,17,17,17;4;216(2):(87,17)(87,17);230(2):(87,17)(87,17);233(2):(87,17)(87,17);239(2):(87,17)(87,17);
233;1;4;4;88,89,88,89;4;17,17,17,17;4;231(2):(88,17)(89,17);232(2):(88,17)(88,17);236(2):(89,17)(89,17);239(2):(88,17)(89,17);
234;0;4;4;90,90,90,90;4;16,16,16,16;4;229(2):(90,16)(90,16);231(2):(90,16)(90,16);235(2):(90,16)(90,16);236(2):(90,16)(90,16);
235;0;4;4;91,92,91,92;4;16,16,16,16;4;229(2):(91,16)(92,16);234(2):(91,16)(91,16);237(2):(91,16)(92,16);238(2):(92,16)(92,16);
236;1;4;4;90,90,90,90;4;17,17,17,17;4;233(2):(90,17)(90,17);234(2):(90,17)(90,17);237(2):(90,17)(90,17);239(2):(90,17)(90,17);
237;0;4;4;91,92,91,92;4;17,17,17,17;4;235(2):(91,17)(92,17);236(2):(91,17)(91,17);238(2):(92,17)(92,17);239(2):(91,17)(92,17);
238;0;4;4;93,99,93,99;4;15,15,17,17;7;174(2):(93,15)(99,15);229(2):(93,15)(93,15);235(2):(93,16)(93,16);237(2):(93,17)(93,17);240(2):(93,17)(93,17);241(2):(94,17)(95,17);244(2):(96,17)(99,17);
239;1;4;4;87,92,87,92;4;18,18,21,21;11;227(2):(87,18)(87,21);232(2):(87,18)(87,18);233(2):(88,18)(89,18);236(2):(90,18)(90,18);237(2):(91,18)(92,18);240(2):(92,18)(92,18);242(2):(92,19)(92,19);245(2):(92,20)(92,21);263(2):(87,21)(89,21);264(2):(90,21)(90,21);265(2):(91,21)(92,21);
240;0;4;4;93,93,93,93;4;18,18,18,18;4;238(2):(93,18)(93,18);239(2):(93,18)(93,18);241(2):(93,18)(93,18);242(2):(93,18)(93,18);
241;0;4;4;94,95,94,95;4;18,18,18,18;4;238(2):(94,18)(95,18);240(2):(94,18)(94,18);243(2):(94,18)(95,18);244(2):(95,18)(95,18);
242;1;4;4;93,93,93,93;4;19,19,19,19;4;239(2):(93,19)(93,19);240(2):(93,19)(93,19);243(2):(93,19)(93,19);245(2):(93,19)(93,19);
243;1;4;4;94,95,94,95;4;19,19,19,19;4;241(2):(94,19)(95,19);242(2):(94,19)(94,19);244(2):(95,19)(95,19);245(2):(94,19)(95,19);
244;0;4;4;96,99,96,99;4;18,18,19,19;5;238(2):(96,18)(99,18);241(2):(96,18)(96,18);243(2):(96,19)(96,19);246(2):(96,19)(97,19);247(2):(98,19)(99,19);
245;1;4;4;93,95,93,95;4;20,20,21,21;7;239(2):(93,20)(93,21);242(2):(93,20)(93,20);243(2):(94,20)(95,20);246(2):(95,20)(95,20);248(2):(95,21)(95,21);273(2):(93,21)(93,21);274(2):(94,21)(95,21);
246;1;4;4;96,97,96,97;4;20,20,20,20;4;244(2):(96,20)(97,20);245(2):(96,20)(96,20);247(2):(97,20)(97,20);248(2):(96,20)(97,20);
247;0;4;4;98,99,98,99;4;20,20,20,20;3;244(2):(98,20)(99,20);246(2):(98,20)(98,20);249(2):(98,20)(99,20);
248;1;4;4;96,97,96,97;4;21,21,21,21;4;245(2):(96,21)(96,21);246(2):(96,21)(97,21);249(2):(97,21)(97,21);277(2):(96,21)(97,21);
249;0;4;4;98,99,98,99;4;21,21,21,21;3;247(2):(98,21)(99,21);248(2):(98,21)(98,21);277(2):(98,21)(99,21);
250;0;4;4;75,80,75,80;4;22,22,25,25;8;197(2):(75,22)(75,25);222(2):(75,22)(77,22);225(2):(78,22)(78,22);226(2):(79,22)(80,22);251(2):(80,22)(80,22);253(2):(80,23)(80,23);256(2):(80,24)(80,25);261(2):(75,25)(80,25);
251;0;4;4;81,81,81,81;4;22,22,22,22;4;227(2):(81,22)(81,22);250(2):(81,22)(81,22);252(2):(81,22)(81,22);253(2):(81,22)(81,22);
252;1;4;4;82,83,82,83;4;22,22,22,22;4;227(2):(82,22)(83,22);251(2):(82,22)(82,22);254(2):(82,22)(83,22);255(2):(83,22)(83,22);
253;0;4;4;81,81,81,81;4;23,23,23,23;4;250(2):(81,23)(81,23);251(2):(81,23)(81,23);254(2):(81,23)(81,23);256(2):(81,23)(81,23);
254;0;4;4;82,83,82,83;4;23,23,23,23;4;252(2):(82,23)(83,23);253(2):(82,23)(82,23);255(2):(83,23)(83,23);256(2):(82,23)(83,23);
255;1;4;4;84,86,84,86;4;22,22,23,23;6;227(2):(84,22)(86,22);252(2):(84,22)(84,22);254(2):(84,23)(84,23);257(2):(84,23)(84,23);258(2):(85,23)(86,23);263(2):(86,22)(86,23);
256;0;4;4;81,83,81,83;4;24,24,25,25;6;250(2):(81,24)(81,25);253(2):(81,24)(81,24);254(2):(82,24)(83,24);257(2):(83,24)(83,24);259(2):(83,25)(83,25);262(2):(81,25)(83,25);
257;0;4;4;84,84,84,84;4;24,24,24,24;4;255(2):(84,24)(84,24);256(2):(84,24)(84,24);258(2):(84,24)(84,24);259(2):(84,24)(84,24);
258;1;4;4;85,86,85,86;4;24,24,24,24;4;255(2):(85,24)(86,24);257(2):(85,24)(85,24);260(2):(85,24)(86,24);268(2):(86,24)(86,24);
259;0;4;4;84,84,84,84;4;25,25,25,25;4;256(2):(84,25)(84,25);257(2):(84,25)(84,25);260(2):(84,25)(84,25);262(2):(84,25)(84,25);
260;0;4;4;85,86,85,86;4;25,25,25,25;4;258(2):(85,25)(86,25);259(2):(85,25)(85,25);262(2):(85,25)(86,25);270(2):(86,25)(86,25);
261;0;4;4;75,80,75,80;4;26,26,29,29;7;209(2):(75,26)(75,27);212(2):(75,28)(75,28);214(2):(75,29)(75,29);250(2):(75,26)(80,26);262(2):(80,26)(80,29);365(2):(75,29)(77,29);366(2):(78,29)(80,29);
262;0;4;4;81,86,81,86;4;26,26,29,29;7;256(2):(81,26)(83,26);259(2):(84,26)(84,26);260(2):(85,26)(86,26);261(2):(81,26)(81,29);280(2):(86,26)(86,29);369(2):(81,29)(83,29);370(2):(84,29)(86,29);
263;1;4;4;87,89,87,89;4;22,22,23,23;6;239(2):(87,22)(89,22);255(2):(87,22)(87,23);264(2):(89,22)(89,22);266(2):(89,23)(89,23);268(2):(87,23)(87,23);269(2):(88,23)(89,23);
264;1;4;4;90,90,90,90;4;22,22,22,22;4;239(2):(90,22)(90,22);263(2):(90,22)(90,22);265(2):(90,22)(90,22);266(2):(90,22)(90,22);
265;1;4;4;91,92,91,92;4;22,22,22,22;4;239(2):(91,22)(92,22);264(2):(91,22)(91,22);267(2):(91,22)(92,22);273(2):(92,22)(92,22);
266;1;4;4;90,90,90,90;4;23,23,23,23;4;263(2):(90,23)(90,23);264(2):(90,23)(90,23);267(2):(90,23)(90,23);272(2):(90,23)(90,23);
267;1;4;4;91,92,91,92;4;23,23,23,23;4;265(2):(91,23)(92,23);266(2):(91,23)(91,23);272(2):(91,23)(92,23);275(2):(92,23)(92,23);
268;1;4;4;87,87,87,87;4;24,24,24,24;4;258(2):(87,24)(87,24);263(2):(87,24)(87,24);269(2):(87,24)(87,24);270(2):(87,24)(87,24);
269;1;4;4;88,89,88,89;4;24,24,24,24;4;263(2):(88,24)(89,24);268(2):(88,24)(88,24);271(2):(88,24)(89,24);272(2):(89,24)(89,24);
270;1;4;4;87,87,87,87;4;25,25,25,25;4;260(2):(87,25)(87,25);268(2):(87,25)(87,25);271(2):(87,25)(87,25);280(2):(87,25)(87,25);
271;0;4;4;88,89,88,89;4;25,25,25,25;4;269(2):(88,25)(89,25);270(2):(88,25)(88,25);272(2):(89,25)(89,25);280(2):(88,25)(89,25);
272;0;4;4;90,92,90,92;4;24,24,25,25;6;266(2):(90,24)(90,24);267(2):(91,24)(92,24);269(2):(90,24)(90,24);271(2):(90,25)(90,25);278(2):(92,24)(92,25);280(2):(90,25)(92,25);
273;1;4;4;93,93,93,93;4;22,22,22,22;4;245(2):(93,22)(93,22);265(2):(93,22)(93,22);274(2):(93,22)(93,22);275(2):(93,22)(93,22);
274;1;4;4;94,95,94,95;4;22,22,22,22;4;245(2):(94,22)(95,22);273(2):(94,22)(94,22);276(2):(94,22)(95,22);277(2):(95,22)(95,22);
275;0;4;4;93,93,93,93;4;23,23,23,23;4;267(2):(93,23)(93,23);273(2):(93,23)(93,23);276(2):(93,23)(93,23);278(2):(93,23)(93,23);
276;0;4;4;94,95,94,95;4;23,23,23,23;4;274(2):(94,23)(95,23);275(2):(94,23)(94,23);277(2):(95,23)(95,23);278(2):(94,23)(95,23);
277;0;4;4;96,99,96,99;4;22,22,23,23;5;248(2):(96,22)(97,22);249(2):(98,22)(99,22);274(2):(96,22)(96,22);276(2):(96,23)(96,23);279(2):(96,23)(99,23);
278;0;4;4;93,95,93,95;4;24,24,25,25;5;272(2):(93,24)(93,25);275(2):(93,24)(93,24);276(2):(94,24)(95,24);279(2):(95,24)(95,25);281(2):(93,25)(95,25);
279;0;4;4;96,99,96,99;4;24,24,25,25;3;277(2):(96,24)(99,24);278(2):(96,24)(96,25);281(2):(96,25)(99,25);
280;0;4;4;87,92,87,92;4;26,26,29,29;6;262(2):(87,26)(87,29);270(2):(87,26)(87,26);271(2):(88,26)(89,26);272(2):(90,26)(92,26);281(2):(92,26)(92,29);381(2):(87,29)(92,29);
281;0;4;4;93,99,93,99;4;26,26,29,29;4;278(2):(93,26)(95,26);279(2):(96,26)(99,26);280(2):(93,26)(93,29);382(2):(93,29)(99,29);
282;0;4;4;0,24,0,24;4;30,30,44,44;6;59(2):(0,30)(11,30);68(2):(12,30)(17,30);69(2):(18,30)(24,30);283(2):(24,30)(24,36);285(2):(24,37)(24,44);314(2):(0,44)(24,44);
283;0;4;4;25,36,25,36;4;30,30,36,36;5;107(2):(25,30)(30,30);108(2):(31,30)(36,30);282(2):(25,30)(25,36);284(2):(36,30)(36,36);285(2):(25,36)(36,36);
284;0;4;4;37,49,37,49;4;30,30,36,36;11;109(2):(37,30)(49,30);283(2):(37,30)(37,36);286(2):(37,36)(42,36);287(2):(43,36)(45,36);288(2):(46,36)(47,36);289(2):(48,36)(49,36);337(2):(49,30)(49,30);339(2):(49,31)(49,32);351(2):(49,33)(49,34);356(2):(49,35)(49,35);358(2):(49,36)(49,36);
285;0;4;4;25,36,25,36;4;37,37,44,44;6;282(2):(25,37)(25,44);283(2):(25,37)(36,37);286(2):(36,37)(36,40);297(2):(36,41)(36,42);302(2):(36,43)(36,44);315(2):(25,44)(36,44);
286;0;4;4;37,42,37,42;4;37,37,40,40;8;284(2):(37,37)(42,37);285(2):(37,37)(37,40);287(2):(42,37)(42,38);292(2):(42,39)(42,39);294(2):(42,40)(42,40);297(2):(37,40)(39,40);298(2):(40,40)(40,40);299(2):(41,40)(42,40);
287;0;4;4;43,45,43,45;4;37,37,38,38;6;284(2):(43,37)(45,37);286(2):(43,37)(43,38);288(2):(45,37)(45,37);290(2):(45,38)(45,38);292(2):(43,38)(43,38);293(2):(44,38)(45,38);
288;0;4;4;46,47,46,47;4;37,37,37,37;4;284(2):(46,37)(47,37);287(2):(46,37)(46,37);289(2):(47,37)(47,37);290(2):(46,37)(47,37);
289;1;4;4;48,49,48,49;4;37,37,37,37;4;284(2):(48,37)(49,37);288(2):(48,37)(48,37);291(2):(48,37)(49,37);363(2):(49,37)(49,37);
290;1;4;4;46,47,46,47;4;38,38,38,38;4;287(2):(46,38)(46,38);288(2):(46,38)(47,38);291(2):(47,38)(47,38);296(2):(46,38)(47,38);
291;1;4;4;48,49,48,49;4;38,38,38,38;4;289(2):(48,38)(49,38);290(2):(48,38)(48,38);296(2):(48,38)(49,38);363(2):(49,38)(49,38);
292;0;4;4;43,43,43,43;4;39,39,39,39;4;286(2):(43,39)(43,39);287(2):(43,39)(43,39);293(2):(43,39)(43,39);294(2):(43,39)(43,39);
293;0;4;4;44,45,44,45;4;39,39,39,39;4;287(2):(44,39)(45,39);292(2):(44,39)(44,39);295(2):(44,39)(45,39);296(2):(45,39)(45,39);
294;0;4;4;43,43,43,43;4;40,40,40,40;4;286(2):(43,40)(43,40);292(2):(43,40)(43,40);295(2):(43,40)(43,40);307(2):(43,40)(43,40);
295;1;4;4;44,45,44,45;4;40,40,40,40;4;293(2):(44,40)(45,40);294(2):(44,40)(44,40);296(2):(45,40)(45,40);308(2):(44,40)(45,40);
296;1;4;4;46,49,46,49;4;39,39,40,40;6;290(2):(46,39)(47,39);291(2):(48,39)(49,39);293(2):(46,39)(46,39);295(2):(46,40)(46,40);311(2):(46,40)(49,40);363(2):(49,39)(49,40);
297;0;4;4;37,39,37,39;4;41,41,42,42;5;285(2):(37,41)(37,42);286(2):(37,41)(39,41);298(2):(39,41)(39,41);300(2):(39,42)(39,42);302(2):(37,42)(39,42);
298;0;4;4;40,40,40,40;4;41,41,41,41;4;286(2):(40,41)(40,41);297(2):(40,41)(40,41);299(2):(40,41)(40,41);300(2):(40,41)(40,41);
299;0;4;4;41,42,41,42;4;41,41,41,41;4;286(2):(41,41)(42,41);298(2):(41,41)(41,41);301(2):(41,41)(42,41);307(2):(42,41)(42,41);
300;0;4;4;40,40,40,40;4;42,42,42,42;4;297(2):(40,42)(40,42);298(2):(40,42)(40,42);301(2):(40,42)(40,42);303(2):(40,42)(40,42);
301;1;4;4;41,42,41,42;4;42,42,42,42;4;299(2):(41,42)(42,42);300(2):(41,42)(41,42);304(2):(41,42)(42,42);309(2):(42,42)(42,42);
302;0;4;4;37,39,37,39;4;43,43,44,44;5;285(2):(37,43)(37,44);297(2):(37,43)(39,43);303(2):(39,43)(39,43);305(2):(39,44)(39,44);316(2):(37,44)(39,44);
303;0;4;4;40,40,40,40;4;43,43,43,43;4;300(2):(40,43)(40,43);302(2):(40,43)(40,43);304(2):(40,43)(40,43);305(2):(40,43)(40,43);
304;1;4;4;41,42,41,42;4;43,43,43,43;4;301(2):(41,43)(42,43);303(2):(41,43)(41,43);306(2):(41,43)(42,43);312(2):(42,43)(42,43);
305;1;4;4;40,40,40,40;4;44,44,44,44;4;302(2):(40,44)(40,44);303(2):(40,44)(40,44);306(2):(40,44)(40,44);317(2):(40,44)(40,44);
306;1;4;4;41,42,41,42;4;44,44,44,44;4;304(2):(41,44)(42,44);305(2):(41,44)(41,44);312(2):(42,44)(42,44);317(2):(41,44)(42,44);
307;0;4;4;43,43,43,43;4;41,41,41,41;4;294(2):(43,41)(43,41);299(2):(43,41)(43,41);308(2):(43,41)(43,41);309(2):(43,41)(43,41);
308;1;4;4;44,45,44,45;4;41,41,41,41;4;295(2):(44,41)(45,41);307(2):(44,41)(44,41);310(2):(44,41)(45,41);311(2):(45,41)(45,41);
309;1;4;4;43,43,43,43;4;42,42,42,42;4;301(2):(43,42)(43,42);307(2):(43,42)(43,42);310(2):(43,42)(43,42);312(2):(43,42)(43,42);
310;1;4;4;44,45,44,45;4;42,42,42,42;4;308(2):(44,42)(45,42);309(2):(44,42)(44,42);311(2):(45,42)(45,42);312(2):(44,42)(45,42);
311;1;4;4;46,49,46,49;4;41,41,42,42;5;296(2):(46,41)(49,41);308(2):(46,41)(46,41);310(2):(46,42)(46,42);313(2):(46,42)(49,42);363(2):(49,41)(49,42);
312;1;4;4;43,45,43,45;4;43,43,44,44;6;304(2):(43,43)(43,43);306(2):(43,44)(43,44);309(2):(43,43)(43,43);310(2):(44,43)(45,43);313(2):(45,43)(45,44);320(2):(43,44)(45,44);
313;1;4;4;46,49,46,49;4;43,43,44,44;4;311(2):(46,43)(49,43);312(2):(46,43)(46,44);321(2):(46,44)(49,44);363(2):(49,43)(49,44);
314;0;4;4;0,24,0,24;4;45,45,59,59;3;282(2):(0,45)(24,45);315(2):(24,45)(24,51);335(2):(24,52)(24,59);
315;0;4;4;25,36,25,36;4;45,45,51,51;6;285(2):(25,45)(36,45);314(2):(25,45)(25,51);316(2):(36,45)(36,45);318(2):(36,46)(36,47);327(2):(36,48)(36,51);335(2):(25,51)(36,51);
316;0;4;4;37,39,37,39;4;45,45,45,45;4;302(2):(37,45)(39,45);315(2):(37,45)(37,45);317(2):(39,45)(39,45);318(2):(37,45)(39,45);
317;1;4;4;40,42,40,42;4;45,45,45,45;5;305(2):(40,45)(40,45);306(2):(41,45)(42,45);316(2):(40,45)(40,45);319(2):(40,45)(42,45);320(2):(42,45)(42,45);
318;0;4;4;37,39,37,39;4;46,46,47,47;4;315(2):(37,46)(37,47);316(2):(37,46)(39,46);319(2):(39,46)(39,47);327(2):(37,47)(39,47);
319;0;4;4;40,42,40,42;4;46,46,47,47;5;317(2):(40,46)(42,46);318(2):(40,46)(40,47);322(2):(42,46)(42,46);324(2):(42,47)(42,47);327(2):(40,47)(42,47);
320;1;4;4;43,45,43,45;4;45,45,45,45;5;312(2):(43,45)(45,45);317(2):(43,45)(43,45);321(2):(45,45)(45,45);322(2):(43,45)(43,45);323(2):(44,45)(45,45);
321;1;4;4;46,49,46,49;4;45,45,45,45;4;313(2):(46,45)(49,45);320(2):(46,45)(46,45);326(2):(46,45)(49,45);423(2):(49,45)(49,45);
322;0;4;4;43,43,43,43;4;46,46,46,46;4;319(2):(43,46)(43,46);320(2):(43,46)(43,46);323(2):(43,46)(43,46);324(2):(43,46)(43,46);
323;1;4;4;44,45,44,45;4;46,46,46,46;4;320(2):(44,46)(45,46);322(2):(44,46)(44,46);325(2):(44,46)(45,46);326(2):(45,46)(45,46);
324;0;4;4;43,43,43,43;4;47,47,47,47;4;319(2):(43,47)(43,47);322(2):(43,47)(43,47);325(2):(43,47)(43,47);328(2):(43,47)(43,47);
325;0;4;4;44,45,44,45;4;47,47,47,47;4;323(2):(44,47)(45,47);324(2):(44,47)(44,47);326(2):(45,47)(45,47);328(2):(44,47)(45,47);
326;1;4;4;46,49,46,49;4;46,46,47,47;6;321(2):(46,46)(49,46);323(2):(46,46)(46,46);325(2):(46,47)(46,47);329(2):(46,47)(47,47);330(2):(48,47)(49,47);423(2):(49,46)(49,47);
327;0;4;4;37,42,37,42;4;48,48,51,51;6;315(2):(37,48)(37,51);318(2):(37,48)(39,48);319(2):(40,48)(42,48);328(2):(42,48)(42,49);333(2):(42,50)(42,51);336(2):(37,51)(42,51);
328;0;4;4;43,45,43,45;4;48,48,49,49;6;324(2):(43,48)(43,48);325(2):(44,48)(45,48);327(2):(43,48)(43,49);329(2):(45,48)(45,48);331(2):(45,49)(45,49);333(2):(43,49)(45,49);
329;0;4;4;46,47,46,47;4;48,48,48,48;4;326(2):(46,48)(47,48);328(2):(46,48)(46,48);330(2):(47,48)(47,48);331(2):(46,48)(47,48);
330;1;4;4;48,49,48,49;4;48,48,48,48;4;326(2):(48,48)(49,48);329(2):(48,48)(48,48);332(2):(48,48)(49,48);425(2):(49,48)(49,48);
331;0;4;4;46,47,46,47;4;49,49,49,49;4;328(2):(46,49)(46,49);329(2):(46,49)(47,49);332(2):(47,49)(47,49);334(2):(46,49)(47,49);
332;0;4;4;48,49,48,49;4;49,49,49,49;4;330(2):(48,49)(49,49);331(2):(48,49)(48,49);334(2):(48,49)(49,49);427(2):(49,49)(49,49);
333;0;4;4;43,45,43,45;4;50,50,51,51;4;327(2):(43,50)(43,51);328(2):(43,50)(45,50);334(2):(45,50)(45,51);336(2):(43,51)(45,51);
334;0;4;4;46,49,46,49;4;50,50,51,51;5;331(2):(46,50)(47,50);332(2):(48,50)(49,50);333(2):(46,50)(46,51);336(2):(46,51)(49,51);430(2):(49,50)(49,51);
335;0;4;4;25,36,25,36;4;52,52,59,59;3;314(2):(25,52)(25,59);315(2):(25,52)(36,52);336(2):(36,52)(36,59);
336;0;4;4;37,49,37,49;4;52,52,59,59;6;327(2):(37,52)(42,52);333(2):(43,52)(45,52);334(2):(46,52)(49,52);335(2):(37,52)(37,59);437(2):(49,52)(49,55);445(2):(49,56)(49,59);
337;0;4;4;50,52,50,52;4;30,30,30,30;4;188(2):(50,30)(52,30);284(2):(50,30)(50,30);338(2):(52,30)(52,30);339(2):(50,30)(52,30);
338;0;4;4;53,55,53,55;4;30,30,30,30;5;188(2):(53,30)(55,30);337(2):(53,30)(53,30);340(2):(53,30)(53,30);341(2):(54,30)(55,30);344(2):(55,30)(55,30);
339;0;4;4;50,52,50,52;4;31,31,32,32;5;284(2):(50,31)(50,32);337(2):(50,31)(52,31);340(2):(52,31)(52,31);342(2):(52,32)(52,32);351(2):(50,32)(52,32);
340;0;4;4;53,53,53,53;4;31,31,31,31;4;338(2):(53,31)(53,31);339(2):(53,31)(53,31);341(2):(53,31)(53,31);342(2):(53,31)(53,31);
341;0;4;4;54,55,54,55;4;31,31,31,31;4;338(2):(54,31)(55,31);340(2):(54,31)(54,31);343(2):(54,31)(55,31);346(2):(55,31)(55,31);
342;0;4;4;53,53,53,53;4;32,32,32,32;4;339(2):(53,32)(53,32);340(2):(53,32)(53,32);343(2):(53,32)(53,32);352(2):(53,32)(53,32);
343;1;4;4;54,55,54,55;4;32,32,32,32;4;341(2):(54,32)(55,32);342(2):(54,32)(54,32);348(2):(55,32)(55,32);353(2):(54,32)(55,32);
344;1;4;4;56,58,56,58;4;30,30,30,30;5;191(2):(56,30)(58,30);338(2):(56,30)(56,30);345(2):(58,30)(58,30);346(2):(56,30)(56,30);347(2):(57,30)(58,30);
345;1;4;4;59,61,59,61;4;30,30,30,30;5;194(2):(59,30)(59,30);195(2):(60,30)(61,30);344(2):(59,30)(59,30);350(2):(59,30)(61,30);362(2):(61,30)(61,30);
346;0;4;4;56,56,56,56;4;31,31,31,31;4;341(2):(56,31)(56,31);344(2):(56,31)(56,31);347(2):(56,31)(56,31);348(2):(56,31)(56,31);
347;1;4;4;57,58,57,58;4;31,31,31,31;4;344(2):(57,31)(58,31);346(2):(57,31)(57,31);349(2):(57,31)(58,31);350(2):(58,31)(58,31);
348;1;4;4;56,56,56,56;4;32,32,32,32;4;343(2):(56,32)(56,32);346(2):(56,32)(56,32);349(2):(56,32)(56,32);361(2):(56,32)(56,32);
349;1;4;4;57,58,57,58;4;32,32,32,32;4;347(2):(57,32)(58,32);348(2):(57,32)(57,32);350(2):(58,32)(58,32);361(2):(57,32)(58,32);
350;1;4;4;59,61,59,61;4;31,31,32,32;5;345(2):(59,31)(61,31);347(2):(59,31)(59,31);349(2):(59,32)(59,32);361(2):(59,32)(61,32);362(2):(61,31)(61,32);
351;0;4;4;50,52,50,52;4;33,33,34,34;6;284(2):(50,33)(50,34);339(2):(50,33)(52,33);352(2):(52,33)(52,33);354(2):(52,34)(52,34);356(2):(50,34)(50,34);357(2):(51,34)(52,34);
352;0;4;4;53,53,53,53;4;33,33,33,33;4;342(2):(53,33)(53,33);351(2):(53,33)(53,33);353(2):(53,33)(53,33);354(2):(53,33)(53,33);
353;1;4;4;54,55,54,55;4;33,33,33,33;4;343(2):(54,33)(55,33);352(2):(54,33)(54,33);355(2):(54,33)(55,33);361(2):(55,33)(55,33);
354;1;4;4;53,53,53,53;4;34,34,34,34;4;351(2):(53,34)(53,34);352(2):(53,34)(53,34);355(2):(53,34)(53,34);360(2):(53,34)(53,34);
355;1;4;4;54,55,54,55;4;34,34,34,34;4;353(2):(54,34)(55,34);354(2):(54,34)(54,34);360(2):(54,34)(55,34);361(2):(55,34)(55,34);
356;0;4;4;50,50,50,50;4;35,35,35,35;4;284(2):(50,35)(50,35);351(2):(50,35)(50,35);357(2):(50,35)(50,35);358(2):(50,35)(50,35);
357;1;4;4;51,52,51,52;4;35,35,35,35;4;351(2):(51,35)(52,35);356(2):(51,35)(51,35);359(2):(51,35)(52,35);360(2):(52,35)(52,35);
358;1;4;4;50,50,50,50;4;36,36,36,36;4;284(2):(50,36)(50,36);356(2):(50,36)(50,36);359(2):(50,36)(50,36);363(2):(50,36)(50,36);
359;1;4;4;51,52,51,52;4;36,36,36,36;4;357(2):(51,36)(52,36);358(2):(51,36)(51,36);360(2):(52,36)(52,36);363(2):(51,36)(52,36);
360;1;4;4;53,55,53,55;4;35,35,36,36;6;354(2):(53,35)(53,35);355(2):(54,35)(55,35);357(2):(53,35)(53,35);359(2):(53,36)(53,36);361(2):(55,35)(55,36);363(2):(53,36)(55,36);
361;1;4;4;56,61,56,61;4;33,33,36,36;8;348(2):(56,33)(56,33);349(2):(57,33)(58,33);350(2):(59,33)(61,33);353(2):(56,33)(56,33);355(2):(56,34)(56,34);360(2):(56,35)(56,36);362(2):(61,33)(61,36);363(2):(56,36)(61,36);
362;1;4;4;62,74,62,74;4;30,30,36,36;12;206(2):(62,30)(64,30);207(2):(65,30)(67,30);210(2):(68,30)(70,30);213(2):(71,30)(72,30);214(2):(73,30)(74,30);345(2):(62,30)(62,30);350(2):(62,31)(62,32);361(2):(62,33)(62,36);364(2):(62,36)(74,36);365(2):(74,30)(74,30);367(2):(74,31)(74,32);379(2):(74,33)(74,36);
363;1;4;4;50,61,50,61;4;37,37,44,44;12;289(2):(50,37)(50,37);291(2):(50,38)(50,38);296(2):(50,39)(50,40);311(2):(50,41)(50,42);313(2):(50,43)(50,44);358(2):(50,37)(50,37);359(2):(51,37)(52,37);360(2):(53,37)(55,37);361(2):(56,37)(61,37);364(2):(61,37)(61,44);423(2):(50,44)(55,44);424(2):(56,44)(61,44);
364;1;4;4;62,74,62,74;4;37,37,44,44;4;362(2):(62,37)(74,37);363(2):(62,37)(62,44);400(2):(74,37)(74,44);436(2):(62,44)(74,44);
365;1;4;4;75,77,75,77;4;30,30,30,30;4;261(2):(75,30)(77,30);362(2):(75,30)(75,30);366(2):(77,30)(77,30);367(2):(75,30)(77,30);
366;0;4;4;78,80,78,80;4;30,30,30,30;4;261(2):(78,30)(80,30);365(2):(78,30)(78,30);368(2):(78,30)(80,30);369(2):(80,30)(80,30);
367;1;4;4;75,77,75,77;4;31,31,32,32;4;362(2):(75,31)(75,32);365(2):(75,31)(77,31);368(2):(77,31)(77,32);379(2):(75,32)(77,32);
368;1;4;4;78,80,78,80;4;31,31,32,32;5;366(2):(78,31)(80,31);367(2):(78,31)(78,32);371(2):(80,31)(80,31);373(2):(80,32)(80,32);379(2):(78,32)(80,32);
369;0;4;4;81,83,81,83;4;30,30,30,30;5;262(2):(81,30)(83,30);366(2):(81,30)(81,30);370(2):(83,30)(83,30);371(2):(81,30)(81,30);372(2):(82,30)(83,30);
370;0;4;4;84,86,84,86;4;30,30,30,30;5;262(2):(84,30)(86,30);369(2):(84,30)(84,30);375(2):(84,30)(84,30);376(2):(85,30)(86,30);381(2):(86,30)(86,30);
371;1;4;4;81,81,81,81;4;31,31,31,31;4;368(2):(81,31)(81,31);369(2):(81,31)(81,31);372(2):(81,31)(81,31);373(2):(81,31)(81,31);
372;0;4;4;82,83,82,83;4;31,31,31,31;4;369(2):(82,31)(83,31);371(2):(82,31)(82,31);374(2):(82,31)(83,31);375(2):(83,31)(83,31);
373;1;4;4;81,81,81,81;4;32,32,32,32;4;368(2):(81,32)(81,32);371(2):(81,32)(81,32);374(2):(81,32)(81,32);380(2):(81,32)(81,32);
374;1;4;4;82,83,82,83;4;32,32,32,32;4;372(2):(82,32)(83,32);373(2):(82,32)(82,32);377(2):(83,32)(83,32);380(2):(82,32)(83,32);
375;0;4;4;84,84,84,84;4;31,31,31,31;4;370(2):(84,31)(84,31);372(2):(84,31)(84,31);376(2):(84,31)(84,31);377(2):(84,31)(84,31);
376;0;4;4;85,86,85,86;4;31,31,31,31;4;370(2):(85,31)(86,31);375(2):(85,31)(85,31);378(2):(85,31)(86,31);381(2):(86,31)(86,31);
377;1;4;4;84,84,84,84;4;32,32,32,32;4;374(2):(84,32)(84,32);375(2):(84,32)(84,32);378(2):(84,32)(84,32);380(2):(84,32)(84,32);
378;0;4;4;85,86,85,86;4;32,32,32,32;4;376(2):(85,32)(86,32);377(2):(85,32)(85,32);380(2):(85,32)(86,32);381(2):(86,32)(86,32);
379;1;4;4;75,80,75,80;4;33,33,36,36;5;362(2):(75,33)(75,36);367(2):(75,33)(77,33);368(2):(78,33)(80,33);380(2):(80,33)(80,36);400(2):(75,36)(80,36);
380;1;4;4;81,86,81,86;4;33,33,36,36;9;373(2):(81,33)(81,33);374(2):(82,33)(83,33);377(2):(84,33)(84,33);378(2):(85,33)(86,33);379(2):(81,33)(81,36);383(2):(86,33)(86,33);385(2):(86,34)(86,34);391(2):(86,35)(86,36);400(2):(81,36)(86,36);
381;0;4;4;87,92,87,92;4;30,30,32,32;9;280(2):(87,30)(92,30);370(2):(87,30)(87,30);376(2):(87,31)(87,31);378(2):(87,32)(87,32);382(2):(92,30)(92,32);383(2):(87,32)(87,32);384(2):(88,32)(89,32);387(2):(90,32)(90,32);388(2):(91,32)(92,32);
382;0;4;4;93,99,93,99;4;30,30,32,32;4;281(2):(93,30)(99,30);381(2):(93,30)(93,32);393(2):(93,32)(95,32);394(2):(96,32)(99,32);
383;1;4;4;87,87,87,87;4;33,33,33,33;4;380(2):(87,33)(87,33);381(2):(87,33)(87,33);384(2):(87,33)(87,33);385(2):(87,33)(87,33);
384;1;4;4;88,89,88,89;4;33,33,33,33;4;381(2):(88,33)(89,33);383(2):(88,33)(88,33);386(2):(88,33)(89,33);387(2):(89,33)(89,33);
385;1;4;4;87,87,87,87;4;34,34,34,34;4;380(2):(87,34)(87,34);383(2):(87,34)(87,34);386(2):(87,34)(87,34);391(2):(87,34)(87,34);
386;1;4;4;88,89,88,89;4;34,34,34,34;4;384(2):(88,34)(89,34);385(2):(88,34)(88,34);389(2):(89,34)(89,34);391(2):(88,34)(89,34);
387;0;4;4;90,90,90,90;4;33,33,33,33;4;381(2):(90,33)(90,33);384(2):(90,33)(90,33);388(2):(90,33)(90,33);389(2):(90,33)(90,33);
388;0;4;4;91,92,91,92;4;33,33,33,33;4;381(2):(91,33)(92,33);387(2):(91,33)(91,33);390(2):(91,33)(92,33);393(2):(92,33)(92,33);
389;1;4;4;90,90,90,90;4;34,34,34,34;4;386(2):(90,34)(90,34);387(2):(90,34)(90,34);390(2):(90,34)(90,34);392(2):(90,34)(90,34);
390;1;4;4;91,92,91,92;4;34,34,34,34;4;388(2):(91,34)(92,34);389(2):(91,34)(91,34);392(2):(91,34)(92,34);393(2):(92,34)(92,34);
391;1;4;4;87,89,87,89;4;35,35,36,36;5;380(2):(87,35)(87,36);385(2):(87,35)(87,35);386(2):(88,35)(89,35);392(2):(89,35)(89,36);401(2):(87,36)(89,36);
392;1;4;4;90,92,90,92;4;35,35,36,36;7;389(2):(90,35)(90,35);390(2):(91,35)(92,35);391(2):(90,35)(90,36);395(2):(92,35)(92,35);397(2):(92,36)(92,36);402(2):(90,36)(90,36);403(2):(91,36)(92,36);
393;0;4;4;93,95,93,95;4;33,33,34,34;6;382(2):(93,33)(95,33);388(2):(93,33)(93,33);390(2):(93,34)(93,34);394(2):(95,33)(95,34);395(2):(93,34)(93,34);396(2):(94,34)(95,34);
394;0;4;4;96,99,96,99;4;33,33,34,34;3;382(2):(96,33)(99,33);393(2):(96,33)(96,34);399(2):(96,34)(99,34);
395;1;4;4;93,93,93,93;4;35,35,35,35;4;392(2):(93,35)(93,35);393(2):(93,35)(93,35);396(2):(93,35)(93,35);397(2):(93,35)(93,35);
396;0;4;4;94,95,94,95;4;35,35,35,35;4;393(2):(94,35)(95,35);395(2):(94,35)(94,35);398(2):(94,35)(95,35);399(2):(95,35)(95,35);
397;0;4;4;93,93,93,93;4;36,36,36,36;4;392(2):(93,36)(93,36);395(2):(93,36)(93,36);398(2):(93,36)(93,36);411(2):(93,36)(93,36);
398;0;4;4;94,95,94,95;4;36,36,36,36;4;396(2):(94,36)(95,36);397(2):(94,36)(94,36);399(2):(95,36)(95,36);411(2):(94,36)(95,36);
399;0;4;4;96,99,96,99;4;35,35,36,36;4;394(2):(96,35)(99,35);396(2):(96,35)(96,35);398(2):(96,36)(96,36);411(2):(96,36)(99,36);
400;1;4;4;75,86,75,86;4;37,37,44,44;12;364(2):(75,37)(75,44);379(2):(75,37)(80,37);380(2):(81,37)(86,37);401(2):(86,37)(86,38);406(2):(86,39)(86,40);412(2):(86,41)(86,41);414(2):(86,42)(86,42);417(2):(86,43)(86,43);419(2):(86,44)(86,44);463(2):(75,44)(80,44);464(2):(81,44)(83,44);465(2):(84,44)(86,44);
401;1;4;4;87,89,87,89;4;37,37,38,38;5;391(2):(87,37)(89,37);400(2):(87,37)(87,38);402(2):(89,37)(89,37);404(2):(89,38)(89,38);406(2):(87,38)(89,38);
402;1;4;4;90,90,90,90;4;37,37,37,37;4;392(2):(90,37)(90,37);401(2):(90,37)(90,37);403(2):(90,37)(90,37);404(2):(90,37)(90,37);
403;1;4;4;91,92,91,92;4;37,37,37,37;4;392(2):(91,37)(92,37);402(2):(91,37)(91,37);405(2):(91,37)(92,37);411(2):(92,37)(92,37);
404;1;4;4;90,90,90,90;4;38,38,38,38;4;401(2):(90,38)(90,38);402(2):(90,38)(90,38);405(2):(90,38)(90,38);407(2):(90,38)(90,38);
405;1;4;4;91,92,91,92;4;38,38,38,38;4;403(2):(91,38)(92,38);404(2):(91,38)(91,38);408(2):(91,38)(92,38);411(2):(92,38)(92,38);
406;1;4;4;87,89,87,89;4;39,39,40,40;6;400(2):(87,39)(87,40);401(2):(87,39)(89,39);407(2):(89,39)(89,39);409(2):(89,40)(89,40);412(2):(87,40)(87,40);413(2):(88,40)(89,40);
407;1;4;4;90,90,90,90;4;39,39,39,39;4;404(2):(90,39)(90,39);406(2):(90,39)(90,39);408(2):(90,39)(90,39);409(2):(90,39)(90,39);
408;0;4;4;91,92,91,92;4;39,39,39,39;4;405(2):(91,39)(92,39);407(2):(91,39)(91,39);410(2):(91,39)(92,39);411(2):(92,39)(92,39);
409;0;4;4;90,90,90,90;4;40,40,40,40;4;406(2):(90,40)(90,40);407(2):(90,40)(90,40);410(2):(90,40)(90,40);416(2):(90,40)(90,40);
410;0;4;4;91,92,91,92;4;40,40,40,40;4;408(2):(91,40)(92,40);409(2):(91,40)(91,40);411(2):(92,40)(92,40);416(2):(91,40)(92,40);
411;0;4;4;93,99,93,99;4;37,37,40,40;8;397(2):(93,37)(93,37);398(2):(94,37)(95,37);399(2):(96,37)(99,37);403(2):(93,37)(93,37);405(2):(93,38)(93,38);408(2):(93,39)(93,39);410(2):(93,40)(93,40);422(2):(93,40)(99,40);
412;1;4;4;87,87,87,87;4;41,41,41,41;4;400(2):(87,41)(87,41);406(2):(87,41)(87,41);413(2):(87,41)(87,41);414(2):(87,41)(87,41);
413;1;4;4;88,89,88,89;4;41,41,41,41;4;406(2):(88,41)(89,41);412(2):(88,41)(88,41);415(2):(88,41)(89,41);416(2):(89,41)(89,41);
414;1;4;4;87,87,87,87;4;42,42,42,42;4;400(2):(87,42)(87,42);412(2):(87,42)(87,42);415(2):(87,42)(87,42);417(2):(87,42)(87,42);
415;1;4;4;88,89,88,89;4;42,42,42,42;4;413(2):(88,42)(89,42);414(2):(88,42)(88,42);416(2):(89,42)(89,42);418(2):(88,42)(89,42);
416;0;4;4;90,92,90,92;4;41,41,42,42;6;409(2):(90,41)(90,41);410(2):(91,41)(92,41);413(2):(90,41)(90,41);415(2):(90,42)(90,42);421(2):(90,42)(92,42);422(2):(92,41)(92,42);
417;1;4;4;87,87,87,87;4;43,43,43,43;4;400(2):(87,43)(87,43);414(2):(87,43)(87,43);418(2):(87,43)(87,43);419(2):(87,43)(87,43);
418;0;4;4;88,89,88,89;4;43,43,43,43;4;415(2):(88,43)(89,43);417(2):(88,43)(88,43);420(2):(88,43)(89,43);421(2):(89,43)(89,43);
419;0;4;4;87,87,87,87;4;44,44,44,44;4;400(2):(87,44)(87,44);417(2):(87,44)(87,44);420(2):(87,44)(87,44);482(2):(87,44)(87,44);
420;0;4;4;88,89,88,89;4;44,44,44,44;4;418(2):(88,44)(89,44);419(2):(88,44)(88,44);421(2):(89,44)(89,44);482(2):(88,44)(89,44);
421;0;4;4;90,92,90,92;4;43,43,44,44;5;416(2):(90,43)(92,43);418(2):(90,43)(90,43);420(2):(90,44)(90,44);422(2):(92,43)(92,44);482(2):(90,44)(92,44);
422;0;4;4;93,99,93,99;4;41,41,44,44;4;411(2):(93,41)(99,41);416(2):(93,41)(93,42);421(2):(93,43)(93,44);482(2):(93,44)(99,44);
423;1;4;4;50,55,50,55;4;45,45,47,47;7;321(2):(50,45)(50,45);326(2):(50,46)(50,47);363(2):(50,45)(55,45);424(2):(55,45)(55,47);425(2):(50,47)(50,47);426(2):(51,47)(52,47);429(2):(53,47)(55,47);
424;1;4;4;56,61,56,61;4;45,45,47,47;4;363(2):(56,45)(61,45);423(2):(56,45)(56,47);435(2):(56,47)(61,47);436(2):(61,45)(61,47);
425;1;4;4;50,50,50,50;4;48,48,48,48;4;330(2):(50,48)(50,48);423(2):(50,48)(50,48);426(2):(50,48)(50,48);427(2):(50,48)(50,48);
426;1;4;4;51,52,51,52;4;48,48,48,48;4;423(2):(51,48)(52,48);425(2):(51,48)(51,48);428(2):(51,48)(52,48);429(2):(52,48)(52,48);
427;0;4;4;50,50,50,50;4;49,49,49,49;4;332(2):(50,49)(50,49);425(2):(50,49)(50,49);428(2):(50,49)(50,49);430(2):(50,49)(50,49);
428;1;4;4;51,52,51,52;4;49,49,49,49;4;426(2):(51,49)(52,49);427(2):(51,49)(51,49);429(2):(52,49)(52,49);430(2):(51,49)(52,49);
429;1;4;4;53,55,53,55;4;48,48,49,49;6;423(2):(53,48)(55,48);426(2):(53,48)(53,48);428(2):(53,49)(53,49);431(2):(53,49)(53,49);432(2):(54,49)(55,49);435(2):(55,48)(55,49);
430;0;4;4;50,52,50,52;4;50,50,51,51;6;334(2):(50,50)(50,51);427(2):(50,50)(50,50);428(2):(51,50)(52,50);431(2):(52,50)(52,50);433(2):(52,51)(52,51);437(2):(50,51)(52,51);
431;0;4;4;53,53,53,53;4;50,50,50,50;4;429(2):(53,50)(53,50);430(2):(53,50)(53,50);432(2):(53,50)(53,50);433(2):(53,50)(53,50);
432;1;4;4;54,55,54,55;4;50,50,50,50;4;429(2):(54,50)(55,50);431(2):(54,50)(54,50);434(2):(54,50)(55,50);435(2):(55,50)(55,50);
433;0;4;4;53,53,53,53;4;51,51,51,51;4;430(2):(53,51)(53,51);431(2):(53,51)(53,51);434(2):(53,51)(53,51);437(2):(53,51)(53,51);
434;1;4;4;54,55,54,55;4;51,51,51,51;4;432(2):(54,51)(55,51);433(2):(54,51)(54,51);435(2):(55,51)(55,51);437(2):(54,51)(55,51);
435;1;4;4;56,61,56,61;4;48,48,51,51;8;424(2):(56,48)(61,48);429(2):(56,48)(56,49);432(2):(56,50)(56,50);434(2):(56,51)(56,51);436(2):(61,48)(61,51);438(2):(56,51)(58,51);439(2):(59,51)(59,51);440(2):(60,51)(61,51);
436;1;4;4;62,74,62,74;4;45,45,51,51;11;364(2):(62,45)(74,45);424(2):(62,45)(62,47);435(2):(62,48)(62,51);447(2):(62,51)(62,51);448(2):(63,51)(64,51);451(2):(65,51)(65,51);452(2):(66,51)(67,51);457(2):(68,51)(70,51);458(2):(71,51)(74,51);463(2):(74,45)(74,47);471(2):(74,48)(74,51);
437;0;4;4;50,55,50,55;4;52,52,55,55;7;336(2):(50,52)(50,55);430(2):(50,52)(52,52);433(2):(53,52)(53,52);434(2):(54,52)(55,52);438(2):(55,52)(55,53);443(2):(55,54)(55,55);445(2):(50,55)(55,55);
438;0;4;4;56,58,56,58;4;52,52,53,53;5;435(2):(56,52)(58,52);437(2):(56,52)(56,53);439(2):(58,52)(58,52);441(2):(58,53)(58,53);443(2):(56,53)(58,53);
439;1;4;4;59,59,59,59;4;52,52,52,52;4;435(2):(59,52)(59,52);438(2):(59,52)(59,52);440(2):(59,52)(59,52);441(2):(59,52)(59,52);
440;1;4;4;60,61,60,61;4;52,52,52,52;4;435(2):(60,52)(61,52);439(2):(60,52)(60,52);442(2):(60,52)(61,52);447(2):(61,52)(61,52);
441;0;4;4;59,59,59,59;4;53,53,53,53;4;438(2):(59,53)(59,53);439(2):(59,53)(59,53);442(2):(59,53)(59,53);444(2):(59,53)(59,53);
442;0;4;4;60,61,60,61;4;53,53,53,53;4;440(2):(60,53)(61,53);441(2):(60,53)(60,53);444(2):(60,53)(61,53);449(2):(61,53)(61,53);
443;0;4;4;56,58,56,58;4;54,54,55,55;4;437(2):(56,54)(56,55);438(2):(56,54)(58,54);444(2):(58,54)(58,55);446(2):(56,55)(58,55);
444;0;4;4;59,61,59,61;4;54,54,55,55;5;441(2):(59,54)(59,54);442(2):(60,54)(61,54);443(2):(59,54)(59,55);446(2):(59,55)(61,55);455(2):(61,54)(61,55);
445;0;4;4;50,55,50,55;4;56,56,59,59;3;336(2):(50,56)(50,59);437(2):(50,56)(55,56);446(2):(55,56)(55,59);
446;0;4;4;56,61,56,61;4;56,56,59,59;4;443(2):(56,56)(58,56);444(2):(59,56)(61,56);445(2):(56,56)(56,59);461(2):(61,56)(61,59);
447;1;4;4;62,62,62,62;4;52,52,52,52;4;436(2):(62,52)(62,52);440(2):(62,52)(62,52);448(2):(62,52)(62,52);449(2):(62,52)(62,52);
448;1;4;4;63,64,63,64;4;52,52,52,52;4;436(2):(63,52)(64,52);447(2):(63,52)(63,52);450(2):(63,52)(64,52);451(2):(64,52)(64,52);
449;0;4;4;62,62,62,62;4;53,53,53,53;4;442(2):(62,53)(62,53);447(2):(62,53)(62,53);450(2):(62,53)(62,53);455(2):(62,53)(62,53);
450;0;4;4;63,64,63,64;4;53,53,53,53;4;448(2):(63,53)(64,53);449(2):(63,53)(63,53);453(2):(64,53)(64,53);455(2):(63,53)(64,53);
451;1;4;4;65,65,65,65;4;52,52,52,52;4;436(2):(65,52)(65,52);448(2):(65,52)(65,52);452(2):(65,52)(65,52);453(2):(65,52)(65,52);
452;1;4;4;66,67,66,67;4;52,52,52,52;4;436(2):(66,52)(67,52);451(2):(66,52)(66,52);454(2):(66,52)(67,52);457(2):(67,52)(67,52);
453;0;4;4;65,65,65,65;4;53,53,53,53;4;450(2):(65,53)(65,53);451(2):(65,53)(65,53);454(2):(65,53)(65,53);456(2):(65,53)(65,53);
454;0;4;4;66,67,66,67;4;53,53,53,53;4;452(2):(66,53)(67,53);453(2):(66,53)(66,53);456(2):(66,53)(67,53);457(2):(67,53)(67,53);
455;0;4;4;62,64,62,64;4;54,54,55,55;5;444(2):(62,54)(62,55);449(2):(62,54)(62,54);450(2):(63,54)(64,54);456(2):(64,54)(64,55);461(2):(62,55)(64,55);
456;0;4;4;65,67,65,67;4;54,54,55,55;5;453(2):(65,54)(65,54);454(2):(66,54)(67,54);455(2):(65,54)(65,55);459(2):(67,54)(67,55);461(2):(65,55)(67,55);
457;1;4;4;68,70,68,70;4;52,52,53,53;5;436(2):(68,52)(70,52);452(2):(68,52)(68,52);454(2):(68,53)(68,53);458(2):(70,52)(70,53);459(2):(68,53)(70,53);
458;1;4;4;71,74,71,74;4;52,52,53,53;4;436(2):(71,52)(74,52);457(2):(71,52)(71,53);460(2):(71,53)(74,53);483(2):(74,52)(74,53);
459;0;4;4;68,70,68,70;4;54,54,55,55;4;456(2):(68,54)(68,55);457(2):(68,54)(70,54);460(2):(70,54)(70,55);462(2):(68,55)(70,55);
460;0;4;4;71,74,71,74;4;54,54,55,55;5;458(2):(71,54)(74,54);459(2):(71,54)(71,55);462(2):(71,55)(74,55);488(2):(74,54)(74,54);490(2):(74,55)(74,55);
461;0;4;4;62,67,62,67;4;56,56,59,59;4;446(2):(62,56)(62,59);455(2):(62,56)(64,56);456(2):(65,56)(67,56);462(2):(67,56)(67,59);
462;0;4;4;68,74,68,74;4;56,56,59,59;4;459(2):(68,56)(70,56);460(2):(71,56)(74,56);461(2):(68,56)(68,59);497(2):(74,56)(74,59);
463;1;4;4;75,80,75,80;4;45,45,47,47;5;400(2):(75,45)(80,45);436(2):(75,45)(75,47);464(2):(80,45)(80,45);466(2):(80,46)(80,47);471(2):(75,47)(80,47);
464;1;4;4;81,83,81,83;4;45,45,45,45;4;400(2):(81,45)(83,45);463(2):(81,45)(81,45);465(2):(83,45)(83,45);466(2):(81,45)(83,45);
465;1;4;4;84,86,84,86;4;45,45,45,45;5;400(2):(84,45)(86,45);464(2):(84,45)(84,45);467(2):(84,45)(84,45);468(2):(85,45)(86,45);482(2):(86,45)(86,45);
466;1;4;4;81,83,81,83;4;46,46,47,47;6;463(2):(81,46)(81,47);464(2):(81,46)(83,46);467(2):(83,46)(83,46);469(2):(83,47)(83,47);472(2):(81,47)(81,47);473(2):(82,47)(83,47);
467;1;4;4;84,84,84,84;4;46,46,46,46;4;465(2):(84,46)(84,46);466(2):(84,46)(84,46);468(2):(84,46)(84,46);469(2):(84,46)(84,46);
468;0;4;4;85,86,85,86;4;46,46,46,46;4;465(2):(85,46)(86,46);467(2):(85,46)(85,46);470(2):(85,46)(86,46);482(2):(86,46)(86,46);
469;1;4;4;84,84,84,84;4;47,47,47,47;4;466(2):(84,47)(84,47);467(2):(84,47)(84,47);470(2):(84,47)(84,47);476(2):(84,47)(84,47);
470;0;4;4;85,86,85,86;4;47,47,47,47;4;468(2):(85,47)(86,47);469(2):(85,47)(85,47);476(2):(85,47)(86,47);482(2):(86,47)(86,47);
471;1;4;4;75,80,75,80;4;48,48,51,51;9;436(2):(75,48)(75,51);463(2):(75,48)(80,48);472(2):(80,48)(80,48);474(2):(80,49)(80,49);477(2):(80,50)(80,50);479(2):(80,51)(80,51);483(2):(75,51)(77,51);484(2):(78,51)(78,51);485(2):(79,51)(80,51);
472;1;4;4;81,81,81,81;4;48,48,48,48;4;466(2):(81,48)(81,48);471(2):(81,48)(81,48);473(2):(81,48)(81,48);474(2):(81,48)(81,48);
473;1;4;4;82,83,82,83;4;48,48,48,48;4;466(2):(82,48)(83,48);472(2):(82,48)(82,48);475(2):(82,48)(83,48);476(2):(83,48)(83,48);
474;1;4;4;81,81,81,81;4;49,49,49,49;4;471(2):(81,49)(81,49);472(2):(81,49)(81,49);475(2):(81,49)(81,49);477(2):(81,49)(81,49);
475;1;4;4;82,83,82,83;4;49,49,49,49;4;473(2):(82,49)(83,49);474(2):(82,49)(82,49);476(2):(83,49)(83,49);478(2):(82,49)(83,49);
476;0;4;4;84,86,84,86;4;48,48,49,49;6;469(2):(84,48)(84,48);470(2):(85,48)(86,48);473(2):(84,48)(84,48);475(2):(84,49)(84,49);481(2):(84,49)(86,49);482(2):(86,48)(86,49);
477;1;4;4;81,81,81,81;4;50,50,50,50;4;471(2):(81,50)(81,50);474(2):(81,50)(81,50);478(2):(81,50)(81,50);479(2):(81,50)(81,50);
478;0;4;4;82,83,82,83;4;50,50,50,50;4;475(2):(82,50)(83,50);477(2):(82,50)(82,50);480(2):(82,50)(83,50);481(2):(83,50)(83,50);
479;1;4;4;81,81,81,81;4;51,51,51,51;4;471(2):(81,51)(81,51);477(2):(81,51)(81,51);480(2):(81,51)(81,51);496(2):(81,51)(81,51);
480;0;4;4;82,83,82,83;4;51,51,51,51;4;478(2):(82,51)(83,51);479(2):(82,51)(82,51);481(2):(83,51)(83,51);496(2):(82,51)(83,51);
481;0;4;4;84,86,84,86;4;50,50,51,51;5;476(2):(84,50)(86,50);478(2):(84,50)(84,50);480(2):(84,51)(84,51);482(2):(86,50)(86,51);496(2):(84,51)(86,51);
482;0;4;4;87,99,87,99;4;45,45,51,51;10;419(2):(87,45)(87,45);420(2):(88,45)(89,45);421(2):(90,45)(92,45);422(2):(93,45)(99,45);465(2):(87,45)(87,45);468(2):(87,46)(87,46);470(2):(87,47)(87,47);476(2):(87,48)(87,49);481(2):(87,50)(87,51);499(2):(87,51)(99,51);
483;1;4;4;75,77,75,77;4;52,52,53,53;6;458(2):(75,52)(75,53);471(2):(75,52)(77,52);484(2):(77,52)(77,52);486(2):(77,53)(77,53);488(2):(75,53)(75,53);489(2):(76,53)(77,53);
484;1;4;4;78,78,78,78;4;52,52,52,52;4;471(2):(78,52)(78,52);483(2):(78,52)(78,52);485(2):(78,52)(78,52);486(2):(78,52)(78,52);
485;1;4;4;79,80,79,80;4;52,52,52,52;4;471(2):(79,52)(80,52);484(2):(79,52)(79,52);487(2):(79,52)(80,52);496(2):(80,52)(80,52);
486;1;4;4;78,78,78,78;4;53,53,53,53;4;483(2):(78,53)(78,53);484(2):(78,53)(78,53);487(2):(78,53)(78,53);492(2):(78,53)(78,53);
487;1;4;4;79,80,79,80;4;53,53,53,53;4;485(2):(79,53)(80,53);486(2):(79,53)(79,53);493(2):(79,53)(80,53);496(2):(80,53)(80,53);
488;0;4;4;75,75,75,75;4;54,54,54,54;4;460(2):(75,54)(75,54);483(2):(75,54)(75,54);489(2):(75,54)(75,54);490(2):(75,54)(75,54);
489;1;4;4;76,77,76,77;4;54,54,54,54;4;483(2):(76,54)(77,54);488(2):(76,54)(76,54);491(2):(76,54)(77,54);492(2):(77,54)(77,54);
490;0;4;4;75,75,75,75;4;55,55,55,55;4;460(2):(75,55)(75,55);488(2):(75,55)(75,55);491(2):(75,55)(75,55);497(2):(75,55)(75,55);
491;0;4;4;76,77,76,77;4;55,55,55,55;4;489(2):(76,55)(77,55);490(2):(76,55)(76,55);494(2):(77,55)(77,55);497(2):(76,55)(77,55);
492;1;4;4;78,78,78,78;4;54,54,54,54;4;486(2):(78,54)(78,54);489(2):(78,54)(78,54);493(2):(78,54)(78,54);494(2):(78,54)(78,54);
493;1;4;4;79,80,79,80;4;54,54,54,54;4;487(2):(79,54)(80,54);492(2):(79,54)(79,54);495(2):(79,54)(80,54);496(2):(80,54)(80,54);
494;0;4;4;78,78,78,78;4;55,55,55,55;4;491(2):(78,55)(78,55);492(2):(78,55)(78,55);495(2):(78,55)(78,55);497(2):(78,55)(78,55);
495;0;4;4;79,80,79,80;4;55,55,55,55;4;493(2):(79,55)(80,55);494(2):(79,55)(79,55);496(2):(80,55)(80,55);497(2):(79,55)(80,55);
496;0;4;4;81,86,81,86;4;52,52,55,55;9;479(2):(81,52)(81,52);480(2):(82,52)(83,52);481(2):(84,52)(86,52);485(2):(81,52)(81,52);487(2):(81,53)(81,53);493(2):(81,54)(81,54);495(2):(81,55)(81,55);498(2):(81,55)(86,55);499(2):(86,52)(86,55);
497;0;4;4;75,80,75,80;4;56,56,59,59;6;462(2):(75,56)(75,59);490(2):(75,56)(75,56);491(2):(76,56)(77,56);494(2):(78,56)(78,56);495(2):(79,56)(80,56);498(2):(80,56)(80,59);
498;0;4;4;81,86,81,86;4;56,56,59,59;3;496(2):(81,56)(86,56);497(2):(81,56)(81,59);499(2):(86,56)(86,59);
499;0;4;4;87,99,87,99;4;52,52,59,59;3;482(2):(87,52)(99,52);496(2):(87,52)(87,55);498(2):(87,56)(87,59);
